Date,Open,High,Low,Close,Adj Close,Volume
2000-01-04,9.0,9.0,9.0,9.0,3.407587,10000.0
2000-01-05,10.25,10.25,8.0,8.0,3.028967,0.0
2000-01-06,10.25,10.25,7.0,7.0,2.650346,0.0
2000-01-07,10.5,10.5,7.0,7.0,2.650346,0.0
2000-01-10,10.0,10.0,6.4,6.4,2.423174,0.0
2000-01-11,10.0,10.0,6.5,6.5,2.461035,0.0
2000-01-12,10.25,10.25,7.0,7.0,2.650346,0.0
2000-01-13,10.0,10.0,9.0,9.0,3.407587,0.0
2000-01-14,9.9,9.9,7.0,7.0,2.650346,0.0
2000-01-17,10.0,10.0,8.0,8.0,3.028967,0.0
2000-01-18,10.0,10.0,6.6,6.6,2.498897,0.0
2000-01-19,9.0,9.0,9.0,9.0,3.407587,2000.0
2000-01-20,10.0,10.0,9.0,9.0,3.407587,0.0
2000-01-21,10.0,10.0,8.0,8.0,3.028967,0.0
2000-01-24,11.0,11.0,9.0,9.0,3.407587,0.0
2000-01-25,10.0,10.0,9.0,9.0,3.407587,0.0
2000-01-26,10.5,10.5,8.3,8.3,3.142554,0.0
2000-01-27,10.5,10.5,6.5,6.5,2.461035,0.0
2000-01-28,10.25,10.25,9.0,9.0,3.407587,0.0
2000-01-31,9.9,9.9,9.0,9.0,3.407587,0.0
2000-02-01,9.9,9.9,8.2,8.2,3.104691,0.0
2000-02-02,10.0,10.0,7.0,7.0,2.650346,0.0
2000-02-03,10.0,10.0,8.2,8.2,3.104691,0.0
2000-02-04,11.0,11.0,6.6,6.6,2.498897,0.0
2000-02-07,9.9,9.9,8.8,8.8,3.331864,0.0
2000-02-08,9.9,9.9,9.1,9.1,3.44545,0.0
2000-02-09,9.0,9.0,9.0,9.0,3.407587,1100.0
2000-02-10,10.75,10.75,7.0,7.0,2.650346,0.0
2000-02-11,9.9,9.9,9.0,9.0,3.407587,0.0
2000-02-14,10.75,10.75,6.5,6.5,2.461035,0.0
2000-02-15,10.0,10.0,8.2,8.2,3.104691,0.0
2000-02-16,10.75,10.75,7.0,7.0,2.650346,0.0
2000-02-17,9.9,9.9,6.5,6.5,2.461035,0.0
2000-02-18,9.8,9.8,9.8,9.8,3.710485,200.0
2000-02-21,9.8,9.8,9.8,9.8,3.710485,0.0
2000-02-22,9.9,9.9,6.9,6.9,2.612484,0.0
2000-02-23,10.0,10.0,8.0,8.0,3.028967,0.0
2000-02-24,9.9,9.9,7.0,7.0,2.650346,0.0
2000-02-25,9.9,9.9,7.0,7.0,2.650346,0.0
2000-02-28,10.5,10.5,7.2,7.2,2.72607,0.0
2000-02-29,10.0,10.0,7.0,7.0,2.650346,0.0
2000-03-01,10.25,10.25,7.0,7.0,2.650346,0.0
2000-03-02,10.25,10.25,7.3,7.3,2.763932,0.0
2000-03-03,10.5,10.5,7.1,7.1,2.688208,0.0
2000-03-06,10.5,10.5,7.4,7.4,2.801794,0.0
2000-03-07,10.5,10.5,7.2,7.2,2.72607,0.0
2000-03-08,11.0,11.0,7.0,7.0,2.650346,0.0
2000-03-09,7.2,7.2,7.2,7.2,2.72607,300.0
2000-03-10,9.3,9.3,6.9,6.9,2.612484,0.0
2000-03-13,6.9,6.9,6.9,6.9,2.612484,0.0
2000-03-14,6.9,6.9,6.9,6.9,2.612484,0.0
2000-03-15,6.9,6.9,6.9,6.9,2.612484,0.0
2000-03-16,7.5,7.7,7.5,7.5,2.839656,12100.0
2000-03-17,9.0,9.0,7.5,7.5,2.839656,0.0
2000-03-20,9.5,9.5,6.7,6.7,2.53676,0.0
2000-03-21,6.7,6.7,6.7,6.7,2.53676,0.0
2000-03-22,9.5,9.5,6.8,6.8,2.574622,0.0
2000-03-23,6.8,6.8,6.8,6.8,2.574622,0.0
2000-03-24,6.8,6.8,6.8,6.8,2.574622,0.0
2000-03-27,9.5,9.5,6.6,6.6,2.498897,0.0
2000-03-28,7.0,7.0,7.0,7.0,2.650346,300.0
2000-03-29,9.0,9.0,7.1,7.1,2.688208,0.0
2000-03-30,7.1,7.1,7.1,7.1,2.688208,0.0
2000-03-31,9.0,9.0,7.3,7.3,2.763932,0.0
2000-04-03,9.0,9.0,7.1,7.1,2.688208,0.0
2000-04-04,7.1,7.1,7.1,7.1,2.688208,0.0
2000-04-05,7.1,7.1,7.1,7.1,2.688208,0.0
2000-04-06,7.1,7.1,7.1,7.1,2.688208,0.0
2000-04-07,7.1,7.1,7.1,7.1,2.688208,0.0
2000-04-10,7.1,7.1,7.1,7.1,2.688208,0.0
2000-04-11,7.1,7.1,7.1,7.1,2.688208,0.0
2000-04-12,7.0,7.0,7.0,7.0,2.650346,200.0
2000-04-13,7.0,7.0,7.0,7.0,2.650346,0.0
2000-04-14,7.0,7.0,7.0,7.0,2.650346,0.0
2000-04-17,7.0,7.0,7.0,7.0,2.650346,0.0
2000-04-18,7.0,7.0,7.0,7.0,2.650346,0.0
2000-04-19,7.0,7.0,7.0,7.0,2.650346,0.0
2000-04-20,7.0,7.0,7.0,7.0,2.650346,0.0
2000-04-21,7.0,7.0,7.0,7.0,2.650346,0.0
2000-04-24,7.0,7.0,7.0,7.0,2.650346,0.0
2000-04-25,7.0,7.0,7.0,7.0,2.650346,0.0
2000-04-26,7.0,7.0,7.0,7.0,2.650346,0.0
2000-04-27,9.0,9.0,6.1,6.1,2.309587,0.0
2000-04-28,6.1,6.1,6.1,6.1,2.309587,0.0
2000-05-01,6.1,6.1,6.1,6.1,2.309587,0.0
2000-05-02,6.1,6.1,6.1,6.1,2.309587,0.0
2000-05-03,6.0,8.9,6.0,8.9,3.369725,5000.0
2000-05-04,8.9,8.9,6.4,6.4,2.423174,0.0
2000-05-05,6.4,6.4,6.4,6.4,2.423174,0.0
2000-05-08,8.9,8.9,6.5,6.5,2.461035,0.0
2000-05-09,6.5,6.5,6.5,6.5,2.461035,0.0
2000-05-10,6.5,7.0,6.5,7.0,2.650346,2000.0
2000-05-11,8.9,8.9,6.1,6.1,2.309587,0.0
2000-05-12,6.1,6.1,6.1,6.1,2.309587,200.0
2000-05-15,7.9,7.9,6.0,6.0,2.271725,0.0
2000-05-16,7.9,7.9,6.2,6.2,2.347449,0.0
2000-05-17,6.2,6.2,6.2,6.2,2.347449,0.0
2000-05-18,6.2,6.2,6.2,6.2,2.347449,1200.0
2000-05-19,8.0,8.0,6.1,6.1,2.309587,0.0
2000-05-22,8.0,8.0,5.6,5.6,2.120276,0.0
2000-05-23,8.0,8.0,5.6,5.6,2.120276,0.0
2000-05-24,8.0,8.0,5.5,5.5,2.082415,0.0
2000-05-25,8.0,8.0,5.6,5.6,2.120276,0.0
2000-05-26,8.0,8.0,5.6,5.6,2.120276,0.0
2000-05-29,8.0,8.0,5.6,5.6,2.120276,0.0
2000-05-30,5.6,5.6,5.6,5.6,2.120276,0.0
2000-05-31,8.0,8.0,5.6,5.6,2.120276,0.0
2000-06-01,8.0,8.0,5.6,5.6,2.120276,0.0
2000-06-02,8.0,8.0,5.6,5.6,2.120276,0.0
2000-06-05,8.0,8.0,6.1,6.1,2.309587,0.0
2000-06-06,8.0,8.0,5.6,5.6,2.120276,0.0
2000-06-07,8.0,8.0,6.0,6.0,2.271725,0.0
2000-06-08,8.0,8.0,5.2,5.2,1.968828,0.0
2000-06-09,8.0,8.0,5.4,5.4,2.044552,0.0
2000-06-12,8.0,8.0,5.5,5.5,2.082415,0.0
2000-06-13,8.0,8.0,5.6,5.6,2.120276,0.0
2000-06-14,8.0,8.0,5.6,5.6,2.120276,0.0
2000-06-15,8.0,8.0,5.6,5.6,2.120276,0.0
2000-06-16,8.0,8.0,5.7,5.7,2.158139,0.0
2000-06-19,8.0,8.0,5.6,5.6,2.120276,0.0
2000-06-20,7.8,7.8,5.6,5.6,2.120276,0.0
2000-06-21,7.8,7.8,5.6,5.6,2.120276,0.0
2000-06-22,8.0,8.0,5.6,5.6,2.120276,0.0
2000-06-23,8.0,8.0,5.6,5.6,2.120276,0.0
2000-06-26,8.0,8.0,5.7,5.7,2.158139,0.0
2000-06-27,7.8,7.8,5.5,5.5,2.082415,0.0
2000-06-28,8.0,8.0,5.6,5.6,2.120276,0.0
2000-06-29,8.0,8.0,5.5,5.5,2.082415,0.0
2000-06-30,7.0,7.0,5.7,5.7,2.158139,0.0
2000-07-03,7.8,7.8,5.6,5.6,2.120276,0.0
2000-07-04,7.8,7.8,5.5,5.5,2.082415,0.0
2000-07-05,8.0,8.0,5.6,5.6,2.120276,0.0
2000-07-06,7.8,7.8,5.5,5.5,2.082415,0.0
2000-07-07,7.8,7.8,5.7,5.7,2.158139,0.0
2000-07-10,7.8,7.8,6.0,6.0,2.271725,0.0
2000-07-11,7.8,7.8,6.4,6.4,2.423174,0.0
2000-07-12,7.8,7.8,6.4,6.4,2.423174,0.0
2000-07-13,7.8,7.8,5.5,5.5,2.082415,0.0
2000-07-14,7.8,7.8,5.9,5.9,2.233863,0.0
2000-07-17,5.9,5.9,5.9,5.9,2.233863,0.0
2000-07-18,7.8,7.8,6.1,6.1,2.309587,0.0
2000-07-19,7.8,7.8,6.1,6.1,2.309587,0.0
2000-07-20,7.8,7.8,6.0,6.0,2.271725,0.0
2000-07-21,7.8,7.8,5.7,5.7,2.158139,0.0
2000-07-24,7.8,7.8,5.6,5.6,2.120276,0.0
2000-07-25,7.8,7.8,5.6,5.6,2.120276,0.0
2000-07-26,7.8,7.8,5.5,5.5,2.082415,0.0
2000-07-27,6.0,6.0,6.0,6.0,2.271725,1500.0
2000-07-28,5.5,5.6,5.5,5.6,2.120276,10200.0
2000-07-31,7.2,7.2,5.7,7.2,2.72607,0.0
2000-08-01,7.2,7.2,5.6,7.2,2.72607,0.0
2000-08-02,7.2,7.2,5.6,7.2,2.72607,0.0
2000-08-03,7.2,7.2,7.2,7.2,2.72607,200.0
2000-08-04,6.0,6.0,5.8,5.8,2.196001,9900.0
2000-08-07,7.4,7.4,5.5,5.5,2.082415,0.0
2000-08-08,7.0,7.0,5.4,5.4,2.044552,0.0
2000-08-09,7.0,7.0,5.6,5.6,2.120276,0.0
2000-08-10,7.0,7.0,5.5,5.5,2.082415,0.0
2000-08-11,7.0,7.0,5.6,5.6,2.120276,0.0
2000-08-14,5.6,5.6,5.6,5.6,2.120276,0.0
2000-08-15,7.0,7.0,5.6,5.6,2.120276,0.0
2000-08-16,7.0,7.0,5.5,5.5,2.082415,0.0
2000-08-17,7.0,7.0,5.6,5.6,2.120276,0.0
2000-08-18,7.0,7.0,5.5,5.5,2.082415,0.0
2000-08-21,7.4,7.4,5.4,5.4,2.044552,0.0
2000-08-22,7.4,7.4,5.4,5.4,2.044552,0.0
2000-08-23,7.0,7.0,5.5,5.5,2.082415,0.0
2000-08-24,7.4,7.4,5.2,5.2,1.968828,0.0
2000-08-25,7.0,7.0,5.2,5.2,1.968828,0.0
2000-08-28,7.4,7.4,5.6,5.6,2.120276,0.0
2000-08-29,7.4,7.4,5.5,5.5,2.082415,0.0
2000-08-30,7.4,7.4,5.3,5.3,2.006691,0.0
2000-08-31,7.4,7.4,5.2,5.2,1.968828,0.0
2000-09-01,7.4,7.4,5.5,5.5,2.082415,0.0
2000-09-04,7.4,7.4,5.4,5.4,2.044552,0.0
2000-09-05,7.4,7.4,5.5,5.5,2.082415,0.0
2000-09-06,7.4,7.4,5.5,5.5,2.082415,0.0
2000-09-07,7.4,7.4,5.5,5.5,2.082415,0.0
2000-09-08,7.4,7.4,5.5,5.5,2.082415,0.0
2000-09-11,7.4,7.4,5.5,5.5,2.082415,0.0
2000-09-12,7.4,7.4,5.3,5.3,2.006691,0.0
2000-09-13,7.4,7.4,5.5,5.5,2.082415,0.0
2000-09-14,5.5,5.5,5.5,5.5,2.082415,100.0
2000-09-15,7.1,7.1,5.4,5.4,2.044552,0.0
2000-09-18,7.1,7.1,5.5,5.5,2.082415,0.0
2000-09-19,7.1,7.1,5.5,5.5,2.082415,0.0
2000-09-20,7.1,7.1,5.5,5.5,2.082415,0.0
2000-09-21,7.1,7.1,5.5,5.5,2.082415,0.0
2000-09-22,7.1,7.1,5.3,5.3,2.006691,0.0
2000-09-25,7.1,7.1,5.5,5.5,2.082415,0.0
2000-09-26,7.1,7.1,5.3,5.3,2.006691,0.0
2000-09-27,7.1,7.1,5.5,5.5,2.082415,0.0
2000-09-28,7.1,7.1,5.5,5.5,2.082415,0.0
2000-09-29,7.1,7.1,5.3,5.3,2.006691,0.0
2000-10-02,7.1,7.1,5.3,5.3,2.006691,0.0
2000-10-03,7.1,7.1,5.5,5.5,2.082415,0.0
2000-10-04,7.1,7.1,5.0,5.0,1.893104,0.0
2000-10-05,7.1,7.1,5.5,5.5,2.082415,0.0
2000-10-06,7.1,7.1,5.3,5.3,2.006691,0.0
2000-10-09,7.1,7.1,5.5,5.5,2.082415,0.0
2000-10-10,7.1,7.1,5.5,5.5,2.082415,0.0
2000-10-11,7.1,7.1,5.5,5.5,2.082415,0.0
2000-10-12,7.1,7.1,5.3,5.3,2.006691,0.0
2000-10-13,7.1,7.1,5.3,5.3,2.006691,0.0
2000-10-16,5.3,5.3,5.3,5.3,2.006691,0.0
2000-10-17,7.1,7.1,5.5,5.5,2.082415,0.0
2000-10-18,7.1,7.1,5.5,5.5,2.082415,0.0
2000-10-19,7.1,7.1,5.5,5.5,2.082415,0.0
2000-10-20,7.1,7.1,5.3,5.3,2.006691,0.0
2000-10-23,5.3,5.3,5.3,5.3,2.006691,0.0
2000-10-24,7.1,7.1,5.3,5.3,2.006691,0.0
2000-10-25,7.1,7.1,5.3,5.3,2.006691,0.0
2000-10-26,7.1,7.1,5.5,5.5,2.082415,0.0
2000-10-27,5.5,5.5,5.5,5.5,2.082415,0.0
2000-10-30,7.1,7.1,5.4,5.4,2.044552,0.0
2000-10-31,7.1,7.1,5.3,5.3,2.006691,0.0
2000-11-01,7.1,7.1,5.4,5.4,2.044552,0.0
2000-11-02,7.1,7.1,5.3,5.3,2.006691,0.0
2000-11-03,7.1,7.1,5.4,5.4,2.044552,0.0
2000-11-06,5.3,5.3,5.3,5.3,2.006691,100.0
2000-11-07,5.3,5.3,5.3,5.3,2.006691,0.0
2000-11-08,5.3,5.3,5.3,5.3,2.006691,0.0
2000-11-09,5.3,5.3,5.3,5.3,2.006691,0.0
2000-11-10,5.3,5.3,5.3,5.3,2.006691,0.0
2000-11-13,5.3,5.3,5.3,5.3,2.006691,0.0
2000-11-14,5.3,5.3,5.3,5.3,2.006691,0.0
2000-11-15,5.3,5.3,5.3,5.3,2.006691,0.0
2000-11-16,5.3,5.3,5.3,5.3,2.006691,0.0
2000-11-17,5.3,5.3,5.3,5.3,2.006691,0.0
2000-11-20,5.3,5.3,5.3,5.3,2.006691,0.0
2000-11-21,5.3,5.3,5.3,5.3,2.006691,0.0
2000-11-22,5.3,5.3,5.3,5.3,2.006691,0.0
2000-11-23,5.3,5.3,5.3,5.3,2.006691,0.0
2000-11-24,5.3,5.3,5.3,5.3,2.006691,0.0
2000-11-27,5.3,5.3,5.3,5.3,2.006691,0.0
2000-11-28,5.3,5.3,5.3,5.3,2.006691,0.0
2000-11-29,5.3,5.3,5.3,5.3,2.006691,0.0
2000-11-30,5.3,5.3,5.3,5.3,2.006691,0.0
2000-12-01,5.3,5.3,5.3,5.3,2.006691,0.0
2000-12-04,5.3,5.3,5.3,5.3,2.006691,0.0
2000-12-05,5.3,5.3,5.3,5.3,2.006691,0.0
2000-12-06,5.3,5.3,5.3,5.3,2.006691,0.0
2000-12-07,5.3,5.3,5.3,5.3,2.006691,0.0
2000-12-08,6.0,6.8,6.0,6.8,2.574622,1600.0
2000-12-11,6.8,6.8,6.8,6.8,2.574622,0.0
2000-12-12,7.9,7.9,6.1,6.1,2.309587,0.0
2000-12-13,8.0,8.0,5.5,5.5,2.082415,0.0
2000-12-14,7.9,7.9,5.2,5.2,1.968828,0.0
2000-12-15,7.9,7.9,5.6,5.6,2.120276,0.0
2000-12-18,8.0,8.0,6.0,6.0,2.271725,0.0
2000-12-19,8.7,8.7,6.1,6.1,2.309587,0.0
2000-12-20,7.9,7.9,5.4,5.4,2.044552,0.0
2000-12-21,7.6,7.6,6.0,6.0,2.271725,0.0
2000-12-22,7.8,7.8,6.0,6.0,2.271725,0.0
2000-12-25,7.8,7.8,6.1,6.1,2.309587,0.0
2000-12-26,8.0,8.0,6.0,6.0,2.271725,0.0
2000-12-27,8.0,8.0,5.0,5.0,1.893104,0.0
2000-12-28,6.0,6.0,6.0,6.0,2.271725,2000.0
2000-12-29,7.0,7.0,5.4,5.4,2.044552,0.0
2001-01-01,5.4,5.4,5.4,5.4,2.044552,0.0
2001-01-02,5.4,5.4,5.4,5.4,2.044552,0.0
2001-01-03,7.0,7.0,5.2,5.2,1.968828,0.0
2001-01-04,7.0,7.0,5.2,5.2,1.968828,0.0
2001-01-05,7.0,7.0,5.3,5.3,2.006691,0.0
2001-01-08,7.0,7.0,5.0,5.0,1.893104,0.0
2001-01-09,7.0,7.0,5.4,5.4,2.044552,0.0
2001-01-10,5.5,5.5,5.5,5.5,2.082415,1200.0
2001-01-11,7.1,7.1,5.0,5.0,1.893104,0.0
2001-01-12,7.0,7.0,5.3,5.3,2.006691,0.0
2001-01-15,4.1,5.5,4.1,5.5,2.082415,800.0
2001-01-16,6.9,6.9,5.2,5.2,1.968828,0.0
2001-01-17,7.0,7.0,5.0,5.0,1.893104,0.0
2001-01-18,6.9,6.9,5.1,5.1,1.930966,0.0
2001-01-19,7.0,7.0,5.0,5.0,1.893104,0.0
2001-01-22,6.9,6.9,5.1,5.1,1.930966,0.0
2001-01-23,,,,,,
2001-01-24,7.1,7.1,4.1,4.1,1.552346,0.0
2001-01-25,6.9,6.9,4.8,4.8,1.81738,0.0
2001-01-26,5.5,5.5,5.0,5.0,1.893104,0.0
2001-01-29,6.5,6.5,4.2,4.2,1.590208,0.0
2001-01-30,7.0,7.0,4.2,4.2,1.590208,0.0
2001-01-31,7.0,7.0,4.2,4.2,1.590208,0.0
2001-02-01,7.0,7.0,6.0,6.0,2.271725,0.0
2001-02-02,7.0,7.0,5.6,5.6,2.120276,0.0
2001-02-05,6.9,6.9,5.5,5.5,2.082415,0.0
2001-02-06,6.9,6.9,5.6,5.6,2.120276,0.0
2001-02-07,5.6,6.1,5.5,5.6,2.120276,19300.0
2001-02-08,,,,,,
2001-02-09,6.9,6.9,5.3,5.3,2.006691,0.0
2001-02-12,6.9,6.9,5.4,5.4,2.044552,0.0
2001-02-13,6.8,6.8,5.3,5.3,2.006691,0.0
2001-02-14,6.9,6.9,5.4,5.4,2.044552,0.0
2001-02-15,7.1,7.1,5.1,5.1,1.930966,0.0
2001-02-16,5.7,5.7,5.7,5.7,2.158139,200.0
2001-02-19,7.1,7.1,5.2,5.2,1.968828,0.0
2001-02-20,6.9,6.9,5.2,5.2,1.968828,0.0
2001-02-21,6.8,6.8,5.4,5.4,2.044552,0.0
2001-02-22,5.4,5.4,5.0,5.0,1.893104,6500.0
2001-02-23,6.5,6.5,5.1,5.1,1.930966,0.0
2001-02-26,6.5,6.5,5.1,5.1,1.930966,0.0
2001-02-27,6.4,6.4,5.1,5.1,1.930966,0.0
2001-02-28,6.4,6.4,5.1,5.1,1.930966,0.0
2001-03-01,5.0,5.3,5.0,5.3,2.006691,10000.0
2001-03-02,6.5,6.5,5.1,5.1,1.930966,0.0
2001-03-05,6.4,6.4,5.1,5.1,1.930966,0.0
2001-03-06,6.4,6.4,4.8,4.8,1.81738,0.0
2001-03-07,6.7,6.7,5.1,5.1,1.930966,0.0
2001-03-08,6.7,6.7,5.0,5.0,1.893104,0.0
2001-03-09,6.7,6.7,4.0,4.0,1.514483,0.0
2001-03-12,6.5,6.5,5.1,5.1,1.930966,0.0
2001-03-13,6.7,6.7,5.0,5.0,1.893104,0.0
2001-03-14,,,,,,
2001-03-15,6.7,6.7,5.0,5.0,1.893104,0.0
2001-03-16,6.7,6.7,4.8,4.8,1.81738,0.0
2001-03-19,6.7,6.7,5.0,5.0,1.893104,0.0
2001-03-20,6.7,6.7,5.1,5.1,1.930966,0.0
2001-03-21,6.7,6.7,5.0,5.0,1.893104,0.0
2001-03-22,6.7,6.7,5.0,5.0,1.893104,0.0
2001-03-23,6.7,6.7,4.5,4.5,1.703793,0.0
2001-03-26,6.4,6.4,5.1,5.1,1.930966,0.0
2001-03-27,6.5,6.5,4.8,4.8,1.81738,0.0
2001-03-28,6.5,6.5,5.0,5.0,1.893104,0.0
2001-03-29,6.5,6.5,5.0,5.0,1.893104,0.0
2001-03-30,6.4,6.4,5.0,5.0,1.893104,0.0
2001-04-02,6.5,6.5,4.8,4.8,1.81738,0.0
2001-04-03,6.4,6.4,5.0,5.0,1.893104,0.0
2001-04-04,6.5,6.5,4.8,4.8,1.81738,0.0
2001-04-05,6.5,6.5,4.5,4.5,1.703793,0.0
2001-04-06,4.5,4.5,4.5,4.5,1.703793,0.0
2001-04-09,6.5,6.5,4.5,4.5,1.703793,0.0
2001-04-10,6.4,6.4,4.6,4.6,1.741656,0.0
2001-04-11,6.4,6.4,4.5,4.5,1.703793,0.0
2001-04-12,6.4,6.4,4.6,4.6,1.741656,0.0
2001-04-13,4.6,4.6,4.6,4.6,1.741656,0.0
2001-04-16,4.6,4.6,4.6,4.6,1.741656,0.0
2001-04-17,6.3,6.3,4.6,4.6,1.741656,0.0
2001-04-18,5.0,5.0,5.0,5.0,1.893104,400.0
2001-04-19,6.4,6.4,5.0,5.0,1.893104,0.0
2001-04-20,6.5,6.5,5.0,5.0,1.893104,1000.0
2001-04-23,6.4,6.4,5.1,5.1,1.930966,0.0
2001-04-24,6.4,6.4,5.0,5.0,1.893104,0.0
2001-04-25,6.4,6.4,5.0,5.0,1.893104,0.0
2001-04-26,6.4,6.4,5.0,5.0,1.893104,0.0
2001-04-27,6.4,6.4,5.0,5.0,1.893104,0.0
2001-04-30,6.4,6.4,5.1,5.1,1.930966,0.0
2001-05-01,5.1,5.1,5.1,5.1,1.930966,0.0
2001-05-02,6.4,6.4,5.0,5.0,1.893104,0.0
2001-05-03,6.4,6.4,5.0,5.0,1.893104,0.0
2001-05-04,6.4,6.4,5.0,5.0,1.893104,0.0
2001-05-07,5.0,5.0,5.0,5.0,1.893104,0.0
2001-05-08,5.0,5.0,5.0,5.0,1.893104,0.0
2001-05-09,6.4,6.4,5.0,5.0,1.893104,0.0
2001-05-10,5.0,5.0,5.0,5.0,1.893104,1.0
2001-05-11,6.4,6.4,5.0,5.0,1.893104,0.0
2001-05-14,6.4,6.4,5.0,5.0,1.893104,0.0
2001-05-15,6.4,6.4,5.0,5.0,1.893104,0.0
2001-05-16,6.4,6.4,5.0,5.0,1.893104,0.0
2001-05-17,6.4,6.4,5.0,5.0,1.893104,0.0
2001-05-18,6.5,6.5,5.0,5.0,1.893104,0.0
2001-05-21,6.4,6.4,5.0,5.0,1.893104,0.0
2001-05-22,6.4,6.4,5.0,5.0,1.893104,0.0
2001-05-23,6.4,6.4,6.4,6.4,2.423174,200.0
2001-05-24,7.3,7.3,4.8,4.8,1.81738,0.0
2001-05-25,7.2,7.2,5.1,5.1,1.930966,0.0
2001-05-28,7.0,7.0,5.0,5.0,1.893104,0.0
2001-05-29,6.8,6.8,5.0,5.0,1.893104,0.0
2001-05-30,7.0,7.0,5.1,5.1,1.930966,0.0
2001-05-31,7.2,7.2,5.0,5.0,1.893104,0.0
2001-06-01,7.2,7.2,5.0,5.0,1.893104,0.0
2001-06-04,6.4,6.4,5.0,5.0,1.893104,0.0
2001-06-05,6.1,6.1,5.1,5.1,1.930966,0.0
2001-06-06,7.0,7.0,5.1,5.1,1.930966,0.0
2001-06-07,6.3,6.3,5.1,5.1,1.930966,0.0
2001-06-08,6.3,6.3,5.2,5.2,1.968828,0.0
2001-06-11,6.3,6.3,5.1,5.1,1.930966,0.0
2001-06-12,6.3,6.3,5.2,5.2,1.968828,0.0
2001-06-13,6.7,6.7,6.7,6.7,2.53676,1000.0
2001-06-14,6.5,6.5,5.5,5.5,2.082415,0.0
2001-06-15,6.5,6.5,5.5,5.5,2.082415,0.0
2001-06-18,6.7,6.7,6.7,6.7,2.53676,3000.0
2001-06-19,7.3,7.3,5.7,5.7,2.158139,0.0
2001-06-20,7.3,7.3,5.7,5.7,2.158139,0.0
2001-06-21,6.0,7.8,6.0,7.8,2.953242,12500.0
2001-06-22,8.2,8.2,7.1,7.1,2.688208,0.0
2001-06-25,8.0,8.0,6.5,6.5,2.461035,0.0
2001-06-26,6.5,7.1,6.5,7.0,2.650346,3400.0
2001-06-27,7.2,7.2,7.0,7.0,2.650346,6700.0
2001-06-28,6.9,6.9,6.9,6.9,2.612484,100.0
2001-06-29,7.9,7.9,6.9,6.9,2.612484,0.0
2001-07-02,7.7,7.7,6.6,6.6,2.498897,0.0
2001-07-03,7.7,7.7,7.0,7.0,2.650346,0.0
2001-07-04,7.8,7.8,7.8,7.8,2.953242,100.0
2001-07-05,8.0,9.0,8.0,9.0,3.407587,22700.0
2001-07-06,,,,,,
2001-07-09,9.0,9.0,9.0,9.0,3.407587,3500.0
2001-07-10,9.0,9.0,8.0,8.0,3.028967,0.0
2001-07-11,8.0,8.0,8.0,8.0,3.028967,200.0
2001-07-12,8.0,8.0,8.0,8.0,3.028967,3800.0
2001-07-13,8.5,8.5,8.4,8.5,3.218277,4700.0
2001-07-16,9.0,9.0,8.0,8.0,3.028967,0.0
2001-07-17,8.1,8.1,8.1,8.1,3.066829,1300.0
2001-07-18,8.8,8.8,8.1,8.1,3.066829,0.0
2001-07-19,9.0,9.0,8.1,8.1,3.066829,0.0
2001-07-20,8.5,8.5,8.5,8.5,3.218277,2000.0
2001-07-23,8.5,8.5,8.5,8.5,3.218277,3800.0
2001-07-24,7.0,7.0,7.0,7.0,2.650346,200.0
2001-07-25,9.0,9.0,7.6,7.6,2.877518,0.0
2001-07-26,9.0,9.0,7.1,7.1,2.688208,0.0
2001-07-27,8.7,8.7,7.2,7.2,2.72607,0.0
2001-07-30,8.7,8.7,7.1,7.1,2.688208,0.0
2001-07-31,8.7,8.7,7.1,7.1,2.688208,0.0
2001-08-01,8.7,8.7,7.1,7.1,2.688208,0.0
2001-08-02,8.7,8.7,7.1,7.1,2.688208,0.0
2001-08-03,8.7,8.7,7.1,7.1,2.688208,0.0
2001-08-06,8.7,8.7,7.3,7.3,2.763932,0.0
2001-08-07,8.6,8.6,7.3,7.3,2.763932,0.0
2001-08-08,7.5,7.5,7.5,7.5,2.839656,1000.0
2001-08-09,8.6,8.6,7.2,7.2,2.72607,0.0
2001-08-10,8.5,9.0,8.5,9.0,3.407587,4500.0
2001-08-13,,,,,,
2001-08-14,9.4,9.4,7.3,7.3,2.763932,0.0
2001-08-15,9.5,9.5,6.6,6.6,2.498897,0.0
2001-08-16,9.5,9.5,7.2,7.2,2.72607,0.0
2001-08-17,9.5,9.5,7.4,7.4,2.801794,0.0
2001-08-20,9.5,9.5,7.6,7.6,2.877518,0.0
2001-08-21,9.5,9.5,7.5,7.5,2.839656,0.0
2001-08-22,9.4,9.4,7.6,7.6,2.877518,0.0
2001-08-23,9.4,9.4,7.6,7.6,2.877518,0.0
2001-08-24,9.5,9.5,7.1,7.1,2.688208,0.0
2001-08-27,9.0,9.0,7.7,7.7,2.91538,0.0
2001-08-28,7.1,7.1,7.0,7.0,2.650346,1600.0
2001-08-29,7.6,7.6,7.6,7.6,2.877518,400.0
2001-08-30,7.8,7.8,7.8,7.8,2.953242,1000.0
2001-08-31,9.0,9.0,7.6,7.6,2.877518,0.0
2001-09-03,9.0,9.0,9.0,9.0,3.407587,700.0
2001-09-04,9.0,9.0,9.0,9.0,3.407587,1000.0
2001-09-05,9.0,9.0,9.0,9.0,3.407587,400.0
2001-09-06,9.0,9.0,8.1,8.1,3.066829,0.0
2001-09-07,9.0,9.0,8.5,8.5,3.218277,0.0
2001-09-10,9.0,9.0,6.4,6.4,2.423174,0.0
2001-09-11,9.0,9.0,6.4,6.4,2.423174,0.0
2001-09-12,,,,,,
2001-09-13,9.5,9.5,6.5,6.5,2.461035,0.0
2001-09-14,9.0,9.0,6.4,6.4,2.423174,0.0
2001-09-17,9.0,9.0,6.4,6.4,2.423174,0.0
2001-09-18,9.0,9.0,6.4,6.4,2.423174,0.0
2001-09-19,9.0,9.0,6.4,6.4,2.423174,0.0
2001-09-20,9.0,9.0,6.4,6.4,2.423174,0.0
2001-09-21,9.5,9.5,6.4,6.4,2.423174,0.0
2001-09-24,,,,,,
2001-09-25,9.0,9.0,6.4,6.4,2.423174,0.0
2001-09-26,9.0,9.0,6.4,6.4,2.423174,0.0
2001-09-27,9.0,9.0,6.4,6.4,2.423174,0.0
2001-09-28,,,,,,
2001-10-01,9.0,9.0,6.4,6.4,2.423174,0.0
2001-10-02,9.0,9.0,6.4,6.4,2.423174,0.0
2001-10-03,9.0,9.0,6.4,6.4,2.423174,0.0
2001-10-04,9.0,9.0,6.4,6.4,2.423174,0.0
2001-10-05,9.0,9.0,6.4,6.4,2.423174,0.0
2001-10-08,9.0,9.0,6.4,6.4,2.423174,0.0
2001-10-09,9.0,9.0,6.4,6.4,2.423174,0.0
2001-10-10,9.0,9.0,6.5,6.5,2.461035,0.0
2001-10-11,9.0,9.0,6.4,6.4,2.423174,0.0
2001-10-12,9.0,9.0,6.6,6.6,2.498897,0.0
2001-10-15,9.0,9.0,6.5,6.5,2.461035,0.0
2001-10-16,9.0,9.0,6.4,6.4,2.423174,0.0
2001-10-17,9.0,9.0,6.5,6.5,2.461035,0.0
2001-10-18,9.1,9.1,6.4,6.4,2.423174,0.0
2001-10-19,9.1,9.1,6.4,6.4,2.423174,0.0
2001-10-22,9.5,9.5,6.4,6.4,2.423174,0.0
2001-10-23,,,,,,
2001-10-24,8.5,8.5,6.6,6.6,2.498897,0.0
2001-10-25,8.9,8.9,6.5,6.5,2.461035,0.0
2001-10-26,9.0,9.0,6.4,6.4,2.423174,0.0
2001-10-29,6.5,6.5,6.5,6.5,2.461035,400.0
2001-10-30,8.4,8.4,8.4,8.4,3.180415,1500.0
2001-10-31,9.3,9.3,6.5,6.5,2.461035,0.0
2001-11-01,9.5,9.5,6.4,6.4,2.423174,0.0
2001-11-02,9.0,9.0,6.5,6.5,2.461035,0.0
2001-11-05,9.5,9.5,6.4,6.4,2.423174,0.0
2001-11-06,9.0,9.0,6.4,6.4,2.423174,0.0
2001-11-07,9.5,9.5,6.0,6.0,2.271725,0.0
2001-11-08,,,,,,
2001-11-09,,,,,,
2001-11-12,9.5,9.5,6.0,6.0,2.271725,0.0
2001-11-13,9.5,9.5,7.05,7.05,2.669277,0.0
2001-11-14,9.5,9.5,6.0,6.0,2.271725,0.0
2001-11-15,9.0,9.0,6.0,6.0,2.271725,0.0
2001-11-16,9.5,9.5,6.0,6.0,2.271725,0.0
2001-11-19,9.5,9.5,6.2,6.2,2.347449,0.0
2001-11-20,9.0,9.0,6.35,6.35,2.404242,0.0
2001-11-21,9.5,9.5,6.25,6.25,2.36638,0.0
2001-11-22,9.4,9.4,6.3,6.3,2.385311,0.0
2001-11-23,9.5,9.5,6.3,6.3,2.385311,0.0
2001-11-26,6.0,6.0,6.0,6.0,2.271725,100.0
2001-11-27,7.8,7.8,7.8,7.8,2.953242,100.0
2001-11-28,9.0,9.0,6.65,6.65,2.517829,0.0
2001-11-29,9.0,9.0,6.6,6.6,2.498897,0.0
2001-11-30,7.8,7.8,6.6,6.6,2.498897,0.0
2001-12-03,9.0,9.0,6.5,6.5,2.461035,0.0
2001-12-04,9.0,9.0,6.7,6.7,2.53676,0.0
2001-12-05,,,,,,
2001-12-06,6.65,6.65,6.65,6.65,2.517829,700.0
2001-12-07,8.6,8.6,6.65,6.65,2.517829,0.0
2001-12-10,,,,,,
2001-12-11,6.6,6.6,6.6,6.6,2.498897,400.0
2001-12-12,,,,,,
2001-12-13,8.55,8.55,6.65,6.65,2.517829,0.0
2001-12-14,8.55,8.55,6.65,6.65,2.517829,0.0
2001-12-17,8.55,8.55,6.65,6.65,2.517829,0.0
2001-12-18,8.55,8.55,8.55,8.55,3.237208,1200.0
2001-12-19,9.5,9.5,7.05,7.05,2.669277,0.0
2001-12-20,9.5,9.5,7.05,7.05,2.669277,0.0
2001-12-21,9.5,9.5,7.05,7.05,2.669277,0.0
2001-12-24,9.5,9.5,7.05,7.05,2.669277,0.0
2001-12-25,9.5,9.5,7.05,7.05,2.669277,0.0
2001-12-26,9.5,9.5,7.0,7.0,2.650346,0.0
2001-12-27,9.5,9.5,7.0,7.0,2.650346,0.0
2001-12-28,9.5,9.5,7.0,7.0,2.650346,0.0
2001-12-31,,,,,,
2002-01-01,,,,,,
2002-01-02,9.5,9.5,7.0,7.0,2.650346,0.0
2002-01-03,,,,,,
2002-01-04,9.5,9.5,7.0,7.0,2.650346,0.0
2002-01-07,9.5,9.5,7.05,7.05,2.669277,0.0
2002-01-08,9.5,9.5,7.05,7.05,2.669277,0.0
2002-01-09,9.5,9.5,7.2,7.2,2.72607,0.0
2002-01-10,9.5,9.5,7.25,7.25,2.745001,0.0
2002-01-11,9.5,9.5,7.25,7.25,2.745001,0.0
2002-01-14,9.5,9.5,7.2,7.2,2.72607,0.0
2002-01-15,9.5,9.5,7.2,7.2,2.72607,0.0
2002-01-16,9.5,9.5,7.25,7.25,2.745001,0.0
2002-01-17,9.5,9.5,7.25,7.25,2.745001,0.0
2002-01-18,9.5,9.5,7.25,7.25,2.745001,0.0
2002-01-21,9.5,9.5,7.25,7.25,2.745001,0.0
2002-01-22,9.5,9.5,7.2,7.2,2.72607,0.0
2002-01-23,9.4,9.4,7.3,7.3,2.763932,0.0
2002-01-24,9.5,9.5,7.25,7.25,2.745001,0.0
2002-01-25,9.5,9.5,7.25,7.25,2.745001,0.0
2002-01-28,9.4,9.4,7.25,7.25,2.745001,0.0
2002-01-29,9.5,9.5,7.25,7.25,2.745001,0.0
2002-01-30,9.45,9.45,8.2,8.2,3.104691,0.0
2002-01-31,,,,,,
2002-02-01,9.0,9.0,9.0,9.0,3.407587,1000.0
2002-02-04,9.0,9.4,9.0,9.4,3.559036,11000.0
2002-02-05,9.5,9.5,8.55,8.55,3.237208,0.0
2002-02-06,10.0,10.0,7.5,7.5,2.839656,0.0
2002-02-07,10.5,10.5,7.5,7.5,2.839656,0.0
2002-02-08,10.0,10.0,10.0,10.0,3.786209,300.0
2002-02-11,7.6,10.0,7.6,8.05,3.047898,2400.0
2002-02-12,8.3,8.3,8.3,8.3,3.142554,500.0
2002-02-13,9.9,9.9,7.25,7.25,2.745001,0.0
2002-02-14,9.9,9.9,7.35,7.35,2.782863,0.0
2002-02-15,9.5,9.5,8.0,8.0,3.028967,0.0
2002-02-18,9.3,9.3,8.3,8.3,3.142554,0.0
2002-02-19,7.25,7.25,7.25,7.25,2.745001,100.0
2002-02-20,9.4,9.4,7.25,7.25,2.745001,0.0
2002-02-21,9.4,9.4,7.8,7.8,2.953242,0.0
2002-02-22,9.4,9.4,8.0,8.0,3.028967,0.0
2002-02-25,9.4,9.4,9.4,9.4,3.559036,1100.0
2002-02-26,,,,,,
2002-02-27,10.0,10.0,9.8,9.8,3.710485,1700.0
2002-02-28,10.5,10.5,7.5,7.5,2.839656,0.0
2002-03-01,10.0,10.0,10.0,10.0,3.786209,700.0
2002-03-04,10.5,10.5,8.5,8.5,3.218277,0.0
2002-03-05,10.5,10.5,7.5,7.5,2.839656,0.0
2002-03-06,10.2,10.2,7.5,7.5,2.839656,0.0
2002-03-07,10.5,10.5,7.5,7.5,2.839656,0.0
2002-03-08,10.5,10.5,8.1,8.1,3.066829,0.0
2002-03-11,8.35,8.35,8.35,8.35,3.161485,600.0
2002-03-12,9.95,9.95,8.55,8.55,3.237208,0.0
2002-03-13,9.9,9.9,8.5,8.5,3.218277,0.0
2002-03-14,10.5,10.5,10.5,10.5,3.97552,100.0
2002-03-15,10.5,10.5,10.5,10.5,3.97552,100.0
2002-03-18,10.2,12.0,10.2,11.0,4.16483,55900.0
2002-03-19,11.0,11.0,10.5,10.5,3.97552,4000.0
2002-03-20,12.0,12.0,10.5,10.5,3.97552,0.0
2002-03-21,11.4,11.4,11.4,11.4,4.316278,400.0
2002-03-22,11.5,11.5,11.5,11.5,4.354139,1000.0
2002-03-25,12.0,12.0,10.5,10.5,3.97552,0.0
2002-03-26,12.0,12.0,12.0,12.0,4.54345,300.0
2002-03-27,12.3,12.3,12.3,12.3,4.657036,200.0
2002-03-28,10.5,10.5,10.5,10.5,3.97552,2000.0
2002-03-29,10.5,10.5,10.4,10.4,3.937656,10000.0
2002-04-01,12.0,12.0,10.5,10.5,3.97552,0.0
2002-04-02,10.3,10.3,10.3,10.3,3.899794,1200.0
2002-04-03,11.2,11.2,10.4,10.4,3.937656,0.0
2002-04-04,12.0,12.0,10.5,10.5,3.97552,0.0
2002-04-05,10.7,10.7,10.7,10.7,4.051243,2000.0
2002-04-08,,,,,,
2002-04-09,12.0,12.0,10.2,10.2,3.861932,0.0
2002-04-10,12.0,12.0,10.3,10.3,3.899794,0.0
2002-04-11,11.4,11.4,10.3,10.3,3.899794,0.0
2002-04-12,12.0,12.0,10.5,10.5,3.97552,0.0
2002-04-15,,,,,,
2002-04-16,,,,,,
2002-04-17,12.0,12.0,10.3,10.3,3.899794,0.0
2002-04-18,10.5,10.5,10.5,10.5,3.97552,100.0
2002-04-19,12.0,12.0,10.0,10.0,3.786209,0.0
2002-04-22,10.6,10.6,10.6,10.6,4.013381,1000.0
2002-04-23,12.0,12.0,10.0,10.0,3.786209,0.0
2002-04-24,12.0,12.0,10.0,10.0,3.786209,0.0
2002-04-25,12.0,12.0,10.1,10.1,3.824071,0.0
2002-04-26,11.9,12.6,11.9,12.6,4.770622,2600.0
2002-04-29,12.6,12.6,10.6,10.6,4.013381,0.0
2002-04-30,13.0,13.0,13.0,13.0,4.922071,1200.0
2002-05-01,,,,,,
2002-05-02,14.0,14.0,14.0,14.0,5.300692,100.0
2002-05-03,15.3,15.3,10.3,10.3,3.899794,0.0
2002-05-06,,,,,,
2002-05-07,14.0,14.0,10.2,10.2,3.861932,0.0
2002-05-08,12.6,12.6,12.6,12.6,4.770622,400.0
2002-05-09,15.0,15.0,11.0,11.0,4.16483,0.0
2002-05-10,14.0,14.0,11.0,11.0,4.16483,0.0
2002-05-13,13.9,13.9,10.3,10.3,3.899794,0.0
2002-05-14,10.3,10.3,10.3,10.3,3.899794,1000.0
2002-05-15,10.3,10.3,10.2,10.2,3.861932,4000.0
2002-05-16,11.9,11.9,11.9,11.9,4.505587,100.0
2002-05-17,11.9,11.9,9.1,9.1,3.44545,0.0
2002-05-20,11.9,11.9,9.1,9.1,3.44545,0.0
2002-05-21,11.5,11.5,11.5,11.5,4.354139,2000.0
2002-05-22,11.9,11.9,9.3,9.3,3.521173,0.0
2002-05-23,11.7,11.7,9.2,9.2,3.483312,0.0
2002-05-24,11.8,11.8,9.2,9.2,3.483312,0.0
2002-05-27,,,,,,
2002-05-28,11.8,11.8,9.2,9.2,3.483312,0.0
2002-05-29,11.8,11.8,9.2,9.2,3.483312,0.0
2002-05-30,11.8,11.8,9.2,9.2,3.483312,0.0
2002-05-31,11.8,11.8,9.1,9.1,3.44545,0.0
2002-06-03,11.5,11.5,9.1,9.1,3.44545,0.0
2002-06-04,13.0,13.0,9.0,9.0,3.407587,0.0
2002-06-05,12.9,12.9,9.2,9.2,3.483312,0.0
2002-06-06,12.9,12.9,9.0,9.0,3.407587,0.0
2002-06-07,12.9,12.9,9.0,9.0,3.407587,0.0
2002-06-10,11.5,11.5,9.0,9.0,3.407587,0.0
2002-06-11,12.5,12.5,9.0,9.0,3.407587,0.0
2002-06-12,12.5,12.5,9.0,9.0,3.407587,0.0
2002-06-13,11.9,11.9,9.0,9.0,3.407587,0.0
2002-06-14,12.9,12.9,9.0,9.0,3.407587,0.0
2002-06-17,11.9,11.9,9.0,9.0,3.407587,0.0
2002-06-18,11.9,11.9,9.0,9.0,3.407587,0.0
2002-06-19,11.9,11.9,9.0,9.0,3.407587,0.0
2002-06-20,11.9,11.9,8.2,8.2,3.104691,0.0
2002-06-21,11.9,11.9,8.2,8.2,3.104691,0.0
2002-06-24,11.9,11.9,8.2,8.2,3.104691,0.0
2002-06-25,11.9,11.9,8.2,8.2,3.104691,0.0
2002-06-26,11.4,11.4,8.2,8.2,3.104691,0.0
2002-06-27,11.9,11.9,8.2,8.2,3.104691,0.0
2002-06-28,11.9,11.9,8.2,8.2,3.104691,0.0
2002-07-01,,,,,,
2002-07-02,12.0,12.0,8.2,8.2,3.104691,0.0
2002-07-03,11.9,11.9,8.2,8.2,3.104691,0.0
2002-07-04,11.9,11.9,8.2,8.2,3.104691,0.0
2002-07-05,11.9,11.9,8.2,8.2,3.104691,0.0
2002-07-08,11.9,11.9,8.2,8.2,3.104691,0.0
2002-07-09,11.9,11.9,8.2,8.2,3.104691,0.0
2002-07-10,11.9,11.9,8.2,8.2,3.104691,0.0
2002-07-11,11.9,11.9,8.2,8.2,3.104691,0.0
2002-07-12,11.9,11.9,8.2,8.2,3.104691,0.0
2002-07-15,11.9,11.9,8.2,8.2,3.104691,0.0
2002-07-16,11.9,11.9,8.2,8.2,3.104691,0.0
2002-07-17,11.9,11.9,8.3,8.3,3.142554,0.0
2002-07-18,12.9,12.9,12.9,12.9,4.884209,600.0
2002-07-19,12.9,13.9,12.8,13.9,5.26283,5100.0
2002-07-22,11.1,11.1,11.1,11.1,4.202692,100.0
2002-07-23,13.4,13.4,10.6,10.6,4.013381,0.0
2002-07-24,13.4,13.4,10.4,10.4,3.937656,0.0
2002-07-25,,,,,,
2002-07-26,14.0,14.0,8.0,8.0,3.028967,0.0
2002-07-29,11.5,11.5,11.5,11.5,4.354139,2000.0
2002-07-30,13.0,13.0,10.6,10.6,4.013381,0.0
2002-07-31,14.0,14.0,10.9,10.9,4.126967,0.0
2002-08-01,11.1,11.1,11.1,11.1,4.202692,1000.0
2002-08-02,14.0,14.0,11.0,11.0,4.16483,0.0
2002-08-05,14.0,14.0,10.7,10.7,4.051243,0.0
2002-08-06,14.0,14.0,10.0,10.0,3.786209,0.0
2002-08-07,12.9,12.9,10.1,10.1,3.824071,0.0
2002-08-08,14.0,14.0,7.8,7.8,2.953242,0.0
2002-08-09,14.0,14.0,8.05,8.05,3.047898,0.0
2002-08-12,,,,,,
2002-08-13,14.0,14.0,7.95,7.95,3.010036,0.0
2002-08-14,14.0,14.0,7.8,7.8,2.953242,0.0
2002-08-15,14.0,14.0,7.95,7.95,3.010036,0.0
2002-08-16,14.0,14.0,7.95,7.95,3.010036,0.0
2002-08-19,14.0,14.0,8.15,8.15,3.08576,0.0
2002-08-20,14.0,14.0,7.8,7.8,2.953242,0.0
2002-08-21,14.0,14.0,7.8,7.8,2.953242,0.0
2002-08-22,14.0,14.0,8.05,8.05,3.047898,0.0
2002-08-23,,,,,,
2002-08-26,14.0,14.0,7.8,7.8,2.953242,0.0
2002-08-27,14.0,14.0,7.95,7.95,3.010036,0.0
2002-08-28,14.0,14.0,7.8,7.8,2.953242,0.0
2002-08-29,13.4,13.4,8.05,8.05,3.047898,0.0
2002-08-30,13.4,13.4,8.05,8.05,3.047898,0.0
2002-09-02,13.4,13.4,8.05,8.05,3.047898,0.0
2002-09-03,14.0,14.0,7.85,7.85,2.972174,0.0
2002-09-04,13.0,13.0,7.85,7.85,2.972174,0.0
2002-09-05,14.0,14.0,7.8,7.8,2.953242,0.0
2002-09-06,14.0,14.0,8.15,8.15,3.08576,0.0
2002-09-09,12.9,12.9,10.1,10.1,3.824071,0.0
2002-09-10,14.0,14.0,10.1,10.1,3.824071,0.0
2002-09-11,12.9,12.9,10.1,10.1,3.824071,0.0
2002-09-12,14.0,14.0,10.1,10.1,3.824071,0.0
2002-09-13,14.0,14.0,10.1,10.1,3.824071,0.0
2002-09-16,14.0,14.0,10.1,10.1,3.824071,0.0
2002-09-17,8.9,8.9,8.9,8.9,3.369725,1000.0
2002-09-18,11.5,11.5,11.5,11.5,4.354139,200.0
2002-09-19,14.0,14.0,9.15,9.15,3.46438,0.0
2002-09-20,14.0,14.0,9.25,9.25,3.502243,0.0
2002-09-23,14.0,14.0,9.25,9.25,3.502243,0.0
2002-09-24,14.0,14.0,9.25,9.25,3.502243,0.0
2002-09-25,14.0,14.0,9.2,9.2,3.483312,0.0
2002-09-26,14.0,14.0,9.3,9.3,3.521173,0.0
2002-09-27,14.0,14.0,9.25,9.25,3.502243,0.0
2002-09-30,14.0,14.0,9.25,9.25,3.502243,0.0
2002-10-01,11.5,11.5,9.35,9.35,3.540105,0.0
2002-10-02,14.0,14.0,9.35,9.35,3.540105,0.0
2002-10-03,13.0,13.0,9.35,9.35,3.540105,0.0
2002-10-04,14.0,14.0,9.45,9.45,3.577967,0.0
2002-10-07,14.0,14.0,9.4,9.4,3.559036,0.0
2002-10-08,14.0,14.0,9.35,9.35,3.540105,0.0
2002-10-09,14.0,14.0,9.3,9.3,3.521173,0.0
2002-10-10,14.0,14.0,9.25,9.25,3.502243,0.0
2002-10-11,13.4,13.4,9.2,9.2,3.483312,0.0
2002-10-14,11.5,11.5,9.35,9.35,3.540105,0.0
2002-10-15,11.4,11.4,9.3,9.3,3.521173,0.0
2002-10-16,14.0,14.0,9.2,9.2,3.483312,0.0
2002-10-17,14.0,14.0,9.3,9.3,3.521173,0.0
2002-10-18,14.0,14.0,9.3,9.3,3.521173,0.0
2002-10-21,14.0,14.0,9.35,9.35,3.540105,0.0
2002-10-22,12.9,12.9,9.3,9.3,3.521173,0.0
2002-10-23,,,,,,
2002-10-24,11.4,11.4,9.3,9.3,3.521173,0.0
2002-10-25,12.9,12.9,9.3,9.3,3.521173,0.0
2002-10-28,14.0,14.0,9.3,9.3,3.521173,0.0
2002-10-29,12.9,12.9,8.05,8.05,3.047898,0.0
2002-10-30,11.0,11.0,9.25,9.25,3.502243,0.0
2002-10-31,12.9,12.9,8.1,8.1,3.066829,0.0
2002-11-01,13.4,13.4,9.05,9.05,3.426518,0.0
2002-11-04,13.0,13.0,8.1,8.1,3.066829,0.0
2002-11-05,12.9,12.9,8.15,8.15,3.08576,0.0
2002-11-06,13.0,13.0,8.1,8.1,3.066829,0.0
2002-11-07,12.4,12.4,8.15,8.15,3.08576,0.0
2002-11-08,12.9,12.9,8.1,8.1,3.066829,0.0
2002-11-11,12.9,12.9,8.1,8.1,3.066829,0.0
2002-11-12,13.0,13.0,8.1,8.1,3.066829,0.0
2002-11-13,11.0,11.0,8.25,8.25,3.123622,0.0
2002-11-14,11.0,11.0,10.0,10.0,3.786209,0.0
2002-11-15,11.4,11.4,9.9,9.9,3.748345,0.0
2002-11-18,10.0,10.0,8.1,8.1,3.066829,0.0
2002-11-19,10.4,10.4,9.0,9.0,3.407587,0.0
2002-11-20,11.4,11.4,11.4,11.4,4.316278,100.0
2002-11-21,12.5,12.5,8.3,8.3,3.142554,0.0
2002-11-22,12.9,12.9,8.1,8.1,3.066829,0.0
2002-11-25,13.0,13.0,8.1,8.1,3.066829,0.0
2002-11-26,12.9,12.9,8.1,8.1,3.066829,0.0
2002-11-27,12.9,12.9,8.1,8.1,3.066829,0.0
2002-11-28,13.0,13.0,8.1,8.1,3.066829,0.0
2002-11-29,13.0,13.0,8.1,8.1,3.066829,0.0
2002-12-02,,,,,,
2002-12-03,11.5,11.5,8.1,8.1,3.066829,0.0
2002-12-04,13.0,13.0,8.1,8.1,3.066829,0.0
2002-12-05,,,,,,
2002-12-06,14.0,14.0,8.1,8.1,3.066829,0.0
2002-12-09,12.9,12.9,8.35,8.35,3.161485,0.0
2002-12-10,,,,,,
2002-12-11,13.0,13.0,8.3,8.3,3.142554,0.0
2002-12-12,12.9,12.9,8.5,8.5,3.218277,0.0
2002-12-13,13.0,13.0,8.15,8.15,3.08576,0.0
2002-12-16,12.9,12.9,8.65,8.65,3.27507,0.0
2002-12-17,12.9,12.9,8.3,8.3,3.142554,0.0
2002-12-18,14.0,14.0,8.2,8.2,3.104691,0.0
2002-12-19,14.0,14.0,8.2,8.2,3.104691,0.0
2002-12-20,13.0,13.0,8.15,8.15,3.08576,0.0
2002-12-23,12.9,12.9,8.2,8.2,3.104691,0.0
2002-12-24,14.0,14.0,8.25,8.25,3.123622,0.0
2002-12-25,14.0,14.0,8.2,8.2,3.104691,0.0
2002-12-26,14.0,14.0,8.15,8.15,3.08576,0.0
2002-12-27,12.9,12.9,8.2,8.2,3.104691,0.0
2002-12-30,,,,,,
2002-12-31,,,,,,
2003-01-01,,,,,,
2003-01-02,,,,,,
2003-01-03,14.0,14.0,8.1,8.1,3.066829,0.0
2003-01-06,14.0,14.0,8.1,8.1,3.066829,0.0
2003-01-07,14.0,14.0,8.15,8.15,3.08576,0.0
2003-01-08,14.0,14.0,8.2,8.2,3.104691,0.0
2003-01-09,13.0,13.0,8.15,8.15,3.08576,0.0
2003-01-10,12.9,12.9,8.1,8.1,3.066829,0.0
2003-01-13,12.9,12.9,8.1,8.1,3.066829,0.0
2003-01-14,14.0,14.0,8.1,8.1,3.066829,0.0
2003-01-15,12.9,12.9,8.6,8.6,3.25614,0.0
2003-01-16,12.9,12.9,8.6,8.6,3.25614,0.0
2003-01-17,12.9,12.9,8.25,8.25,3.123622,0.0
2003-01-20,11.0,11.0,8.2,8.2,3.104691,0.0
2003-01-21,9.0,9.0,9.0,9.0,3.407587,2800.0
2003-01-22,11.7,11.7,11.7,11.7,4.429864,100.0
2003-01-23,8.35,8.35,8.35,8.35,3.161485,200.0
2003-01-24,10.8,10.8,8.5,8.5,3.218277,0.0
2003-01-27,10.7,10.7,8.25,8.25,3.123622,0.0
2003-01-28,10.7,10.7,8.25,8.25,3.123622,0.0
2003-01-29,10.7,10.7,8.15,8.15,3.08576,0.0
2003-01-30,10.7,10.7,8.2,8.2,3.104691,0.0
2003-01-31,10.7,10.7,8.15,8.15,3.08576,0.0
2003-02-03,10.7,10.7,8.25,8.25,3.123622,0.0
2003-02-04,10.7,10.7,8.2,8.2,3.104691,0.0
2003-02-05,10.7,10.7,8.3,8.3,3.142554,0.0
2003-02-06,10.6,10.6,8.25,8.25,3.123622,0.0
2003-02-07,10.7,10.7,8.45,8.45,3.199347,0.0
2003-02-10,10.7,10.7,8.15,8.15,3.08576,0.0
2003-02-11,10.5,10.5,8.2,8.2,3.104691,0.0
2003-02-12,10.7,10.7,8.35,8.35,3.161485,0.0
2003-02-13,10.7,10.7,9.0,9.0,3.407587,0.0
2003-02-14,10.7,10.7,8.55,8.55,3.237208,0.0
2003-02-17,,,,,,
2003-02-18,10.7,10.7,8.5,8.5,3.218277,0.0
2003-02-19,10.7,10.7,8.25,8.25,3.123622,0.0
2003-02-20,10.7,10.7,8.5,8.5,3.218277,0.0
2003-02-21,10.7,10.7,8.15,8.15,3.08576,0.0
2003-02-24,10.7,10.7,8.45,8.45,3.199347,0.0
2003-02-25,10.7,10.7,8.55,8.55,3.237208,0.0
2003-02-26,9.0,9.0,9.0,9.0,3.407587,100.0
2003-02-27,11.6,11.6,9.0,9.0,3.407587,0.0
2003-02-28,11.6,11.6,8.15,8.15,3.08576,0.0
2003-03-03,11.6,11.6,11.6,11.6,4.392002,100.0
2003-03-04,11.6,11.6,8.35,8.35,3.161485,0.0
2003-03-05,11.9,11.9,8.35,8.35,3.161485,0.0
2003-03-06,12.9,12.9,8.3,8.3,3.142554,0.0
2003-03-07,12.9,12.9,8.35,8.35,3.161485,0.0
2003-03-10,12.9,12.9,8.3,8.3,3.142554,0.0
2003-03-11,12.9,12.9,8.3,8.3,3.142554,0.0
2003-03-12,12.9,12.9,8.15,8.15,3.08576,0.0
2003-03-13,12.9,12.9,8.15,8.15,3.08576,0.0
2003-03-14,12.9,12.9,8.4,8.4,3.180415,0.0
2003-03-17,12.9,12.9,8.35,8.35,3.161485,0.0
2003-03-18,12.9,12.9,8.4,8.4,3.180415,0.0
2003-03-19,12.9,12.9,8.4,8.4,3.180415,0.0
2003-03-20,12.9,12.9,8.35,8.35,3.161485,0.0
2003-03-21,13.0,13.0,8.4,8.4,3.180415,0.0
2003-03-24,13.0,13.0,8.4,8.4,3.180415,0.0
2003-03-25,12.9,12.9,8.4,8.4,3.180415,0.0
2003-03-26,12.9,12.9,8.4,8.4,3.180415,0.0
2003-03-27,12.9,12.9,8.4,8.4,3.180415,0.0
2003-03-28,13.0,13.0,8.4,8.4,3.180415,0.0
2003-03-31,12.9,12.9,8.45,8.45,3.199347,0.0
2003-04-01,12.9,12.9,8.4,8.4,3.180415,0.0
2003-04-02,12.9,12.9,8.4,8.4,3.180415,0.0
2003-04-03,11.0,11.0,8.45,8.45,3.199347,0.0
2003-04-04,11.0,11.0,8.35,8.35,3.161485,0.0
2003-04-07,,,,,,
2003-04-08,11.0,11.0,8.4,8.4,3.180415,0.0
2003-04-09,11.0,11.0,8.5,8.5,3.218277,0.0
2003-04-10,11.0,11.0,8.6,8.6,3.25614,0.0
2003-04-11,11.0,11.0,8.55,8.55,3.237208,0.0
2003-04-14,,,,,,
2003-04-15,,,,,,
2003-04-16,8.45,8.45,8.45,8.45,3.199347,100.0
2003-04-17,10.8,10.8,8.55,8.55,3.237208,0.0
2003-04-18,10.7,10.7,8.0,8.0,3.028967,0.0
2003-04-21,10.8,10.8,8.25,8.25,3.123622,0.0
2003-04-22,10.8,10.8,8.15,8.15,3.08576,0.0
2003-04-23,10.8,10.8,6.45,6.45,2.442105,0.0
2003-04-24,10.8,10.8,6.2,6.2,2.347449,0.0
2003-04-25,10.8,10.8,6.15,6.15,2.328518,0.0
2003-04-28,10.8,10.8,6.5,6.5,2.461035,0.0
2003-04-29,10.8,10.8,6.2,6.2,2.347449,0.0
2003-04-30,10.8,10.8,6.3,6.3,2.385311,0.0
2003-05-01,,,,,,
2003-05-02,10.8,10.8,7.1,7.1,2.688208,0.0
2003-05-05,,,,,,
2003-05-06,10.8,10.8,7.05,7.05,2.669277,0.0
2003-05-07,10.6,10.6,6.65,6.65,2.517829,0.0
2003-05-08,10.8,10.8,7.15,7.15,2.707139,0.0
2003-05-09,10.8,10.8,7.2,7.2,2.72607,0.0
2003-05-12,10.8,10.8,6.2,6.2,2.347449,0.0
2003-05-13,10.7,10.7,6.1,6.1,2.309587,0.0
2003-05-14,10.8,10.8,6.35,6.35,2.404242,0.0
2003-05-15,6.35,6.35,6.35,6.35,2.404242,0.0
2003-05-16,10.8,10.8,6.25,6.25,2.36638,0.0
2003-05-19,10.8,10.8,6.55,6.55,2.479967,0.0
2003-05-20,10.8,10.8,6.65,6.65,2.517829,0.0
2003-05-21,6.65,10.8,6.65,10.8,4.089104,200.0
2003-05-22,13.7,13.7,8.05,8.05,3.047898,0.0
2003-05-23,13.7,13.7,8.0,8.0,3.028967,0.0
2003-05-26,13.4,13.4,7.75,7.75,2.934312,0.0
2003-05-27,13.6,13.6,8.35,8.35,3.161485,0.0
2003-05-28,13.8,13.8,7.6,7.6,2.877518,0.0
2003-05-29,13.7,13.7,7.6,7.6,2.877518,0.0
2003-05-30,12.0,12.0,7.75,7.75,2.934312,0.0
2003-06-02,11.0,11.0,11.0,11.0,4.16483,200.0
2003-06-03,10.9,10.9,7.7,7.7,2.91538,0.0
2003-06-04,10.9,10.9,7.7,7.7,2.91538,0.0
2003-06-05,11.0,11.0,7.7,7.7,2.91538,0.0
2003-06-06,11.0,11.0,7.7,7.7,2.91538,0.0
2003-06-09,11.0,11.0,11.0,11.0,4.16483,0.0
2003-06-10,13.3,13.3,7.7,7.7,2.91538,0.0
2003-06-11,10.5,10.5,7.9,7.9,2.991105,0.0
2003-06-12,11.0,11.0,7.8,7.8,2.953242,0.0
2003-06-13,10.9,10.9,8.05,8.05,3.047898,0.0
2003-06-16,13.7,13.7,8.05,8.05,3.047898,0.0
2003-06-17,11.0,11.0,7.85,7.85,2.972174,0.0
2003-06-18,11.0,11.0,8.05,8.05,3.047898,0.0
2003-06-19,13.6,13.6,7.8,7.8,2.953242,0.0
2003-06-20,13.6,13.6,7.85,7.85,2.972174,0.0
2003-06-23,13.6,13.6,7.95,7.95,3.010036,0.0
2003-06-24,13.5,13.5,7.85,7.85,2.972174,0.0
2003-06-25,13.7,13.7,8.0,8.0,3.028967,0.0
2003-06-26,7.85,10.0,7.85,10.0,3.786209,400.0
2003-06-27,12.8,12.8,9.8,9.8,3.710485,0.0
2003-06-30,12.6,12.6,7.2,7.2,2.72607,0.0
2003-07-01,7.2,7.2,7.2,7.2,2.72607,0.0
2003-07-02,12.8,12.8,8.05,8.05,3.047898,0.0
2003-07-03,12.8,12.8,8.0,8.0,3.028967,0.0
2003-07-04,12.8,12.8,7.05,7.05,2.669277,0.0
2003-07-07,12.8,12.8,8.05,8.05,3.047898,0.0
2003-07-08,13.0,13.0,7.2,7.2,2.72607,0.0
2003-07-09,12.8,12.8,7.1,7.1,2.688208,0.0
2003-07-10,12.0,12.0,7.1,7.1,2.688208,0.0
2003-07-11,11.9,11.9,7.15,7.15,2.707139,0.0
2003-07-14,7.15,7.15,7.15,7.15,2.707139,0.0
2003-07-15,10.0,10.0,7.55,7.55,2.858587,0.0
2003-07-16,10.0,10.0,7.1,7.1,2.688208,0.0
2003-07-17,10.0,10.0,10.0,10.0,3.786209,500.0
2003-07-18,11.9,11.9,9.05,9.05,3.426518,0.0
2003-07-21,9.9,9.9,9.9,9.9,3.748345,1000.0
2003-07-22,9.9,9.9,9.9,9.9,3.748345,0.0
2003-07-23,9.5,9.5,9.5,9.5,3.596898,1000.0
2003-07-24,11.4,11.4,9.25,9.25,3.502243,0.0
2003-07-25,11.5,11.5,9.25,9.25,3.502243,0.0
2003-07-28,9.25,9.25,9.25,9.25,3.502243,200.0
2003-07-29,11.4,11.4,9.4,9.4,3.559036,0.0
2003-07-30,11.6,11.6,9.3,9.3,3.521173,0.0
2003-07-31,11.9,11.9,9.4,9.4,3.559036,0.0
2003-08-01,11.9,11.9,9.35,9.35,3.540105,0.0
2003-08-04,11.9,11.9,9.25,9.25,3.502243,0.0
2003-08-05,11.9,11.9,9.4,9.4,3.559036,0.0
2003-08-06,11.9,11.9,9.4,9.4,3.559036,0.0
2003-08-07,11.9,11.9,11.9,11.9,4.505587,200.0
2003-08-08,11.8,11.8,10.0,10.0,3.786209,0.0
2003-08-11,10.0,10.0,10.0,10.0,3.786209,21000.0
2003-08-12,10.0,10.0,10.0,10.0,3.786209,0.0
2003-08-13,12.0,12.0,12.0,12.0,4.54345,1200.0
2003-08-14,12.0,12.0,10.7,10.8,4.089104,17100.0
2003-08-15,12.0,12.0,10.0,10.0,3.786209,0.0
2003-08-18,12.9,12.9,10.1,10.1,3.824071,0.0
2003-08-19,10.8,11.0,10.8,11.0,4.16483,4000.0
2003-08-20,11.0,11.0,11.0,11.0,4.16483,4000.0
2003-08-21,9.85,10.3,9.85,10.3,3.899794,400.0
2003-08-22,13.2,13.3,13.2,13.3,5.035657,3100.0
2003-08-25,13.0,13.3,11.1,11.1,4.202692,27500.0
2003-08-26,13.8,13.8,11.2,11.2,4.240553,0.0
2003-08-27,11.2,11.2,11.2,11.2,4.240553,100.0
2003-08-28,11.5,13.8,11.3,13.8,5.224968,50100.0
2003-08-29,11.5,11.7,11.5,11.7,4.429864,88300.0
2003-09-01,11.7,11.7,11.4,11.4,4.316278,126000.0
2003-09-02,11.4,11.5,11.1,11.2,4.240553,127800.0
2003-09-03,11.2,11.2,11.2,11.2,4.240553,7500.0
2003-09-04,11.2,11.2,11.2,11.2,4.240553,12500.0
2003-09-05,11.0,11.1,11.0,11.1,4.202692,9000.0
2003-09-08,11.3,11.4,11.1,11.1,4.202692,10500.0
2003-09-09,11.2,11.4,10.2,11.0,4.16483,8500.0
2003-09-10,11.4,11.4,11.1,11.3,4.278415,4200.0
2003-09-11,11.4,11.4,11.2,11.2,4.240553,5100.0
2003-09-12,11.1,11.5,11.1,11.5,4.354139,8000.0
2003-09-15,11.5,11.5,11.4,11.4,4.316278,22000.0
2003-09-16,11.9,11.9,11.7,11.7,4.429864,19000.0
2003-09-17,11.7,11.7,11.2,11.4,4.316278,29600.0
2003-09-18,11.4,11.4,11.3,11.3,4.278415,2000.0
2003-09-19,11.3,11.3,11.3,11.3,4.278415,1000.0
2003-09-22,11.5,11.5,10.8,10.8,4.089104,0.0
2003-09-23,11.3,11.7,11.3,11.7,4.429864,39000.0
2003-09-24,11.3,11.3,11.3,11.3,4.278415,2000.0
2003-09-25,11.3,11.3,11.3,11.3,4.278415,5400.0
2003-09-26,11.5,11.7,11.4,11.7,4.429864,2100.0
2003-09-29,11.6,11.6,11.6,11.6,4.392002,7000.0
2003-09-30,11.8,11.8,11.6,11.7,4.429864,12500.0
2003-10-01,11.6,11.6,11.5,11.5,4.354139,4000.0
2003-10-02,11.9,11.9,11.5,11.5,4.354139,0.0
2003-10-03,11.6,11.8,11.5,11.5,4.354139,3100.0
2003-10-06,11.0,12.0,11.0,12.0,4.54345,200.0
2003-10-07,11.8,11.8,11.8,11.8,4.467725,5000.0
2003-10-08,12.1,12.1,10.7,10.7,4.051243,0.0
2003-10-09,12.0,12.1,11.9,12.1,4.581311,3100.0
2003-10-10,12.1,12.1,12.1,12.1,4.581311,100.0
2003-10-13,11.7,12.2,11.7,11.7,4.429864,15000.0
2003-10-14,12.1,12.1,11.1,11.1,4.202692,0.0
2003-10-15,12.2,12.2,11.5,11.5,4.354139,0.0
2003-10-16,12.3,12.3,11.6,12.0,4.54345,2700.0
2003-10-17,12.1,12.1,12.1,12.1,4.581311,4000.0
2003-10-20,12.0,12.0,11.5,12.0,4.54345,2200.0
2003-10-21,12.0,12.0,10.1,10.1,3.824071,0.0
2003-10-22,12.0,12.0,11.1,11.1,4.202692,0.0
2003-10-23,11.1,11.1,11.1,11.1,4.202692,0.0
2003-10-24,11.9,11.9,9.2,9.2,3.483312,0.0
2003-10-27,11.0,11.9,11.0,11.9,4.505587,2600.0
2003-10-28,11.9,11.9,10.5,10.5,3.97552,0.0
2003-10-29,11.2,11.9,11.1,11.9,4.505587,1500.0
2003-10-30,11.3,11.8,11.1,11.8,4.467725,4100.0
2003-10-31,11.9,11.9,11.1,11.1,4.202692,0.0
2003-11-03,11.8,11.8,10.6,10.6,4.013381,0.0
2003-11-04,11.8,11.8,10.6,10.6,4.013381,0.0
2003-11-05,11.7,11.7,10.6,10.6,4.013381,0.0
2003-11-06,11.9,11.9,8.6,8.6,3.25614,0.0
2003-11-07,11.9,11.9,11.1,11.1,4.202692,0.0
2003-11-10,12.0,12.5,12.0,12.4,4.694898,17000.0
2003-11-11,12.5,12.5,11.5,11.5,4.354139,0.0
2003-11-12,12.5,13.0,12.5,12.8,4.846347,4000.0
2003-11-13,12.8,12.8,11.6,11.6,4.392002,0.0
2003-11-14,12.7,12.7,12.0,12.0,4.54345,0.0
2003-11-17,12.1,12.1,12.1,12.1,4.581311,1000.0
2003-11-18,13.0,13.0,13.0,13.0,4.922071,400.0
2003-11-19,11.0,13.3,11.0,12.8,4.846347,800.0
2003-11-20,12.7,12.7,12.2,12.2,4.619174,0.0
2003-11-21,12.0,12.8,11.8,12.7,4.808485,15600.0
2003-11-24,12.2,12.6,12.2,12.6,4.770622,6500.0
2003-11-25,13.4,13.4,12.2,13.2,4.997795,11800.0
2003-11-26,12.2,12.6,12.1,12.2,4.619174,8000.0
2003-11-27,12.5,12.5,12.3,12.4,4.694898,9000.0
2003-11-28,12.5,12.5,12.2,12.5,4.73276,8800.0
2003-12-01,12.3,12.3,12.2,12.2,4.619174,0.0
2003-12-02,12.2,12.3,12.2,12.3,4.657036,3400.0
2003-12-03,12.5,12.6,12.5,12.5,4.73276,22900.0
2003-12-04,12.3,12.8,12.3,12.4,4.694898,11200.0
2003-12-05,12.4,12.4,12.4,12.4,4.694898,0.0
2003-12-08,12.2,12.6,12.2,12.6,4.770622,8700.0
2003-12-09,12.3,12.5,12.2,12.5,4.73276,6700.0
2003-12-10,12.5,12.5,12.5,12.5,4.73276,0.0
2003-12-11,12.5,12.5,12.2,12.2,4.619174,0.0
2003-12-12,12.6,12.6,12.2,12.2,4.619174,0.0
2003-12-15,12.5,12.5,12.1,12.1,4.581311,0.0
2003-12-16,12.6,12.6,12.0,12.0,4.54345,0.0
2003-12-17,12.6,12.6,12.1,12.1,4.581311,0.0
2003-12-18,12.5,12.5,12.0,12.0,4.54345,0.0
2003-12-19,12.2,12.2,12.2,12.2,4.619174,1000.0
2003-12-22,12.0,12.0,12.0,12.0,4.54345,100.0
2003-12-23,12.5,12.6,12.5,12.6,4.770622,10200.0
2003-12-24,12.5,12.5,12.5,12.5,4.73276,500.0
2003-12-25,12.3,12.3,12.3,12.3,4.657036,1000.0
2003-12-26,13.5,13.5,12.1,12.1,4.581311,0.0
2003-12-29,12.5,12.5,12.5,12.5,4.73276,1000.0
2003-12-30,12.3,12.5,12.0,12.5,4.73276,900.0
2003-12-31,12.5,12.5,10.4,10.4,3.937656,0.0
2004-01-01,10.4,10.4,10.4,10.4,3.937656,0.0
2004-01-02,10.4,10.4,10.4,10.4,3.937656,0.0
2004-01-05,9.0,12.4,9.0,12.4,4.694898,5500.0
2004-01-06,12.4,12.7,12.0,12.3,4.657036,15900.0
2004-01-07,12.3,12.3,10.2,10.2,3.861932,0.0
2004-01-08,11.3,12.3,11.3,12.3,4.657036,200.0
2004-01-09,12.0,12.3,11.5,12.3,4.657036,2500.0
2004-01-12,12.1,12.1,12.1,12.1,4.581311,1000.0
2004-01-13,11.9,12.5,11.9,12.0,4.54345,12600.0
2004-01-14,12.4,12.5,12.4,12.5,4.73276,21600.0
2004-01-15,13.5,13.5,12.3,12.3,4.657036,0.0
2004-01-16,13.5,13.5,12.0,12.0,4.54345,0.0
2004-01-19,13.5,13.5,12.1,12.1,4.581311,0.0
2004-01-20,13.0,13.0,13.0,13.0,4.922071,800.0
2004-01-21,12.5,12.5,12.5,12.5,4.73276,800.0
2004-01-22,13.0,13.0,12.3,12.3,4.657036,0.0
2004-01-23,12.9,12.9,12.0,12.0,4.54345,0.0
2004-01-26,12.7,12.7,11.9,11.9,4.505587,0.0
2004-01-27,11.5,11.5,11.5,11.5,4.354139,400.0
2004-01-28,12.9,12.9,11.5,11.5,4.354139,0.0
2004-01-29,13.5,13.5,13.5,13.5,5.111382,100.0
2004-01-30,12.0,13.4,12.0,13.4,5.073519,1100.0
2004-02-02,12.5,12.5,12.5,12.5,4.73276,500.0
2004-02-03,12.3,12.3,9.2,9.2,3.483312,0.0
2004-02-04,12.5,12.5,9.05,9.05,3.426518,0.0
2004-02-05,12.3,12.3,9.3,9.3,3.521173,0.0
2004-02-06,12.4,12.4,10.1,10.1,3.824071,0.0
2004-02-09,12.8,12.8,9.4,9.4,3.559036,0.0
2004-02-10,12.5,12.5,12.5,12.5,4.73276,1300.0
2004-02-11,12.6,12.6,12.0,12.0,4.54345,0.0
2004-02-12,12.5,12.5,12.4,12.5,4.73276,2600.0
2004-02-13,12.4,12.4,11.0,11.0,4.16483,0.0
2004-02-16,12.5,12.5,11.1,11.1,4.202692,0.0
2004-02-17,12.5,12.5,11.0,11.0,4.16483,0.0
2004-02-18,12.0,12.0,12.0,12.0,4.54345,2000.0
2004-02-19,12.0,12.0,9.35,9.35,3.540105,0.0
2004-02-20,12.0,12.0,9.1,9.1,3.44545,0.0
2004-02-23,13.5,13.5,9.2,9.2,3.483312,0.0
2004-02-24,12.3,12.3,9.25,9.25,3.502243,0.0
2004-02-25,12.3,12.3,9.15,9.15,3.46438,0.0
2004-02-26,13.5,13.5,9.15,9.15,3.46438,0.0
2004-02-27,11.0,11.0,11.0,11.0,4.16483,4000.0
2004-03-01,12.3,12.3,12.3,12.3,4.657036,100.0
2004-03-02,12.3,12.3,9.2,9.2,3.483312,0.0
2004-03-03,12.1,12.1,9.3,9.3,3.521173,0.0
2004-03-04,12.0,12.0,9.45,9.45,3.577967,0.0
2004-03-05,9.45,9.45,9.45,9.45,3.577967,0.0
2004-03-08,12.2,12.2,9.25,9.25,3.502243,0.0
2004-03-09,12.1,12.1,9.15,9.15,3.46438,0.0
2004-03-10,12.2,12.2,9.15,9.15,3.46438,0.0
2004-03-11,9.15,11.8,9.15,11.7,4.429864,700.0
2004-03-12,12.7,13.5,12.5,12.9,4.884209,20000.0
2004-03-15,12.9,13.2,12.7,12.7,4.808485,8800.0
2004-03-16,12.5,12.9,12.4,12.9,4.884209,4200.0
2004-03-17,12.5,13.0,12.5,12.6,4.770622,14100.0
2004-03-18,12.9,12.9,12.4,12.4,4.694898,0.0
2004-03-19,12.5,12.5,12.5,12.5,4.73276,1000.0
2004-03-22,12.9,12.9,11.7,11.7,4.429864,0.0
2004-03-23,12.1,12.1,12.1,12.1,4.581311,2000.0
2004-03-24,12.0,12.0,12.0,12.0,4.54345,4000.0
2004-03-25,11.7,11.7,11.7,11.7,4.429864,10000.0
2004-03-26,12.9,12.9,11.7,11.7,4.429864,3100.0
2004-03-29,11.6,11.6,11.5,11.5,4.354139,3000.0
2004-03-30,12.0,12.0,12.0,12.0,4.686069,100.0
2004-03-31,12.7,12.7,12.7,12.7,4.959424,100.0
2004-04-01,12.4,12.4,11.5,11.5,4.490817,0.0
2004-04-02,12.6,12.6,11.3,11.3,4.412715,0.0
2004-04-05,12.5,12.5,12.0,12.0,4.686069,0.0
2004-04-06,12.0,12.0,12.0,12.0,4.686069,0.0
2004-04-07,12.8,12.8,11.0,11.0,4.295563,0.0
2004-04-08,11.0,11.5,11.0,11.5,4.490817,3500.0
2004-04-09,12.0,12.0,10.6,10.6,4.139361,0.0
2004-04-12,12.4,12.4,11.0,11.0,4.295563,0.0
2004-04-13,11.0,11.0,11.0,11.0,4.295563,0.0
2004-04-14,11.0,11.0,11.0,11.0,4.295563,0.0
2004-04-15,11.0,11.0,11.0,11.0,4.295563,0.0
2004-04-16,11.0,11.2,11.0,11.2,4.373664,9000.0
2004-04-19,11.0,11.0,11.0,11.0,4.295563,8000.0
2004-04-20,11.0,11.0,11.0,11.0,4.295563,8900.0
2004-04-21,11.0,11.0,10.9,10.9,4.256513,500.0
2004-04-22,11.6,11.6,11.6,11.6,4.529867,200.0
2004-04-23,11.6,11.6,8.5,8.5,3.3193,0.0
2004-04-26,11.6,11.6,11.0,11.0,4.295563,0.0
2004-04-27,11.7,11.7,11.0,11.0,4.295563,0.0
2004-04-28,11.0,11.0,11.0,11.0,4.295563,200.0
2004-04-29,11.8,11.8,8.3,8.3,3.241198,0.0
2004-04-30,11.6,11.8,11.6,11.8,4.607968,1800.0
2004-05-03,11.8,11.8,11.8,11.8,4.607968,0.0
2004-05-04,12.4,12.4,10.1,10.1,3.944109,0.0
2004-05-05,10.1,10.1,10.1,10.1,3.944109,0.0
2004-05-06,11.0,11.0,11.0,11.0,4.295563,4000.0
2004-05-07,12.0,12.0,11.1,11.1,4.334614,0.0
2004-05-10,11.0,11.0,11.0,11.0,4.295563,5000.0
2004-05-11,11.1,11.1,11.0,11.0,4.295563,10000.0
2004-05-12,12.6,12.6,11.0,11.0,4.295563,0.0
2004-05-13,12.6,12.6,11.0,11.0,4.295563,0.0
2004-05-14,12.6,12.6,12.6,12.6,4.920373,100.0
2004-05-17,12.6,12.6,11.0,11.0,4.295563,0.0
2004-05-18,12.6,12.7,12.1,12.7,4.959424,54500.0
2004-05-19,12.7,12.7,12.6,12.6,4.920373,4000.0
2004-05-20,12.4,13.0,12.4,13.0,5.076575,27200.0
2004-05-21,13.1,13.2,13.1,13.2,5.154677,3200.0
2004-05-24,13.6,13.6,13.6,13.6,5.31088,1000.0
2004-05-25,13.0,13.5,13.0,13.1,5.115625,6000.0
2004-05-26,13.3,13.3,13.2,13.2,5.154677,500.0
2004-05-27,13.5,13.6,13.5,13.6,5.31088,700.0
2004-05-28,13.6,13.7,13.6,13.6,5.31088,1300.0
2004-05-31,13.9,14.0,13.8,14.0,5.467082,3100.0
2004-06-01,14.0,14.3,13.8,14.3,5.584233,5100.0
2004-06-02,14.3,14.3,14.3,14.3,5.584233,0.0
2004-06-03,14.3,14.5,14.3,14.5,5.662334,8400.0
2004-06-04,14.5,14.5,14.5,14.5,5.662334,4700.0
2004-06-07,13.9,14.8,13.9,14.8,5.779485,5500.0
2004-06-08,14.9,15.0,14.9,15.0,5.857586,3500.0
2004-06-09,15.0,15.0,14.5,14.5,5.662334,2600.0
2004-06-10,14.5,14.5,14.5,14.5,5.662334,2100.0
2004-06-11,14.5,15.3,14.5,14.7,5.740435,27300.0
2004-06-14,14.7,14.7,14.6,14.6,5.701384,5300.0
2004-06-15,14.6,14.6,14.5,14.5,5.662334,1000.0
2004-06-16,15.3,15.3,14.5,14.5,5.662334,0.0
2004-06-17,14.3,14.3,14.3,14.3,5.584233,5700.0
2004-06-18,14.3,14.7,14.3,14.7,5.740435,7100.0
2004-06-21,15.4,15.4,15.0,15.0,5.857586,500.0
2004-06-22,14.7,14.7,14.4,14.4,5.623284,0.0
2004-06-23,14.8,14.8,14.3,14.3,5.584233,0.0
2004-06-24,15.1,15.1,14.2,14.2,5.545182,0.0
2004-06-25,14.8,14.8,14.2,14.2,5.545182,0.0
2004-06-28,14.8,14.8,14.2,14.2,5.545182,0.0
2004-06-29,15.2,15.2,14.3,14.3,5.584233,0.0
2004-06-30,14.7,15.0,14.7,15.0,5.857586,7100.0
2004-07-01,15.0,15.0,15.0,15.0,5.857586,0.0
2004-07-02,15.7,15.7,15.7,15.7,6.13094,100.0
2004-07-05,14.0,15.9,14.0,15.9,6.209041,300.0
2004-07-06,15.7,15.7,14.4,14.4,5.623284,0.0
2004-07-07,15.7,15.7,14.6,14.6,5.701384,0.0
2004-07-08,15.7,15.7,14.4,14.4,5.623284,0.0
2004-07-09,15.9,15.9,14.4,14.4,5.623284,0.0
2004-07-12,14.9,15.7,14.9,15.7,6.13094,500.0
2004-07-13,15.8,15.8,14.8,14.8,5.779485,0.0
2004-07-14,15.9,15.9,15.9,15.9,6.209041,100.0
2004-07-15,14.9,15.5,14.9,15.5,6.05284,300.0
2004-07-16,15.8,15.8,15.1,15.1,5.896636,0.0
2004-07-19,15.9,17.200001,15.9,17.200001,6.7167,3700.0
2004-07-20,17.0,17.0,17.0,17.0,6.638599,200.0
2004-07-21,17.200001,17.200001,15.7,15.7,6.13094,0.0
2004-07-22,17.5,17.5,15.7,15.7,6.13094,0.0
2004-07-23,17.5,22.1,17.0,17.0,6.638599,3000.0
2004-07-26,17.0,19.9,17.0,19.9,7.771066,1700.0
2004-07-27,16.700001,16.9,16.5,16.9,6.599549,2100.0
2004-07-28,16.9,16.9,16.6,16.6,6.482397,0.0
2004-07-29,16.5,16.9,16.5,16.9,6.599549,1100.0
2004-07-30,17.0,17.0,16.200001,16.200001,6.326194,0.0
2004-08-02,16.200001,16.200001,16.200001,16.200001,6.326194,0.0
2004-08-03,16.5,18.1,16.5,18.1,7.068155,1100.0
2004-08-04,17.0,17.0,16.0,16.0,6.248093,0.0
2004-08-05,17.0,17.0,16.0,16.0,6.248093,0.0
2004-08-06,16.9,16.9,15.4,15.4,6.013788,0.0
2004-08-09,16.9,16.9,15.5,15.5,6.05284,0.0
2004-08-10,16.9,16.9,15.5,15.5,6.05284,0.0
2004-08-11,16.0,16.0,16.0,16.0,6.248093,500.0
2004-08-12,16.0,16.0,16.0,16.0,6.248093,0.0
2004-08-13,16.5,16.5,16.0,16.0,6.248093,600.0
2004-08-16,17.0,17.0,14.1,14.1,5.506133,0.0
2004-08-17,16.0,17.5,16.0,16.5,6.443345,7200.0
2004-08-18,16.5,16.5,16.4,16.4,6.404295,4000.0
2004-08-19,16.4,16.4,16.4,16.4,6.404295,1500.0
2004-08-20,16.4,16.700001,16.4,16.700001,6.521447,1700.0
2004-08-23,16.9,17.0,16.9,17.0,6.638599,3500.0
2004-08-24,16.700001,17.0,16.5,17.0,6.638599,12300.0
2004-08-25,17.0,17.0,17.0,17.0,6.638599,5000.0
2004-08-26,17.0,17.0,16.5,17.0,6.638599,5000.0
2004-08-27,16.5,17.0,16.5,17.0,6.638599,7800.0
2004-08-30,19.0,19.0,16.1,16.1,6.287143,0.0
2004-08-31,16.5,16.9,16.5,16.9,6.599549,7100.0
2004-09-01,16.5,17.0,16.0,16.5,6.443345,21700.0
2004-09-02,16.1,16.5,16.1,16.5,6.443345,6000.0
2004-09-03,16.700001,16.9,16.700001,16.9,6.599549,600.0
2004-09-06,16.6,18.9,16.5,18.9,7.380561,6200.0
2004-09-07,19.0,19.0,16.700001,16.700001,6.521447,0.0
2004-09-08,16.700001,17.4,16.5,17.4,6.794801,15600.0
2004-09-09,17.5,17.5,16.6,16.6,6.482397,0.0
2004-09-10,17.6,17.700001,17.6,17.700001,6.911954,10000.0
2004-09-13,17.6,17.6,17.6,17.6,6.872901,2900.0
2004-09-14,18.0,20.5,17.5,20.5,8.00537,48400.0
2004-09-15,19.5,22.5,19.5,22.5,8.786379,18700.0
2004-09-16,23.0,25.0,22.6,22.6,8.82543,15700.0
2004-09-17,21.5,23.4,19.200001,23.4,9.137836,5100.0
2004-09-20,21.0,22.0,20.4,20.6,8.044418,6200.0
2004-09-21,19.700001,20.9,19.6,20.4,7.966319,6800.0
2004-09-22,20.0,20.0,20.0,20.0,7.810118,500.0
2004-09-23,20.0,24.299999,20.0,24.299999,9.48929,15300.0
2004-09-24,24.299999,24.299999,22.0,22.0,8.591126,0.0
2004-09-27,22.0,22.5,21.799999,22.5,8.786379,900.0
2004-09-28,22.799999,22.799999,21.5,21.5,8.395874,0.0
2004-09-29,23.0,23.0,23.0,23.0,8.981633,100.0
2004-09-30,22.5,22.5,20.700001,20.700001,8.08347,0.0
2004-10-01,21.0,22.799999,21.0,22.799999,8.903532,2700.0
2004-10-04,22.5,22.799999,22.5,22.799999,8.903532,1000.0
2004-10-05,23.0,23.0,22.5,22.5,8.786379,0.0
2004-10-06,23.0,26.5,23.0,25.0,9.762646,8500.0
2004-10-07,24.5,24.5,24.5,24.5,9.567393,400.0
2004-10-08,24.5,24.5,24.4,24.4,9.528342,200.0
2004-10-11,25.0,25.0,22.200001,22.200001,8.669229,0.0
2004-10-12,26.0,26.0,21.799999,21.799999,8.513026,0.0
2004-10-13,26.75,26.75,21.799999,21.799999,8.513026,0.0
2004-10-14,24.5,24.5,24.5,24.5,9.567393,100.0
2004-10-15,25.0,25.0,21.1,21.1,8.239672,0.0
2004-10-18,24.0,24.0,24.0,24.0,9.372139,600.0
2004-10-19,23.5,24.0,23.5,24.0,9.372139,1100.0
2004-10-20,24.0,24.0,24.0,24.0,9.372139,500.0
2004-10-21,24.0,24.0,22.0,22.0,8.591126,0.0
2004-10-22,24.9,24.9,23.0,23.0,8.981633,0.0
2004-10-25,23.0,23.0,23.0,23.0,8.981633,0.0
2004-10-26,24.0,24.0,22.0,22.0,8.591126,0.0
2004-10-27,23.799999,23.799999,21.1,21.1,8.239672,0.0
2004-10-28,21.0,24.5,21.0,24.5,9.567393,3700.0
2004-10-29,24.0,24.0,21.0,21.0,8.200622,0.0
2004-11-01,23.9,23.9,20.5,20.5,8.00537,0.0
2004-11-02,20.5,23.9,20.5,23.9,9.333088,300.0
2004-11-03,24.0,24.0,22.0,22.0,8.591126,0.0
2004-11-04,24.5,24.5,21.0,21.0,8.200622,0.0
2004-11-05,22.0,23.5,22.0,23.5,9.176886,700.0
2004-11-08,24.0,24.0,24.0,24.0,9.372139,300.0
2004-11-09,22.5,24.0,22.5,24.0,9.372139,500.0
2004-11-10,23.0,23.0,21.4,22.700001,8.864481,900.0
2004-11-11,23.0,23.0,21.0,21.0,8.200622,0.0
2004-11-12,23.0,24.0,23.0,24.0,9.372139,3000.0
2004-11-15,24.0,24.0,21.0,21.0,8.200622,0.0
2004-11-16,24.0,24.799999,24.0,24.799999,9.684544,2600.0
2004-11-17,25.25,25.25,23.1,23.1,9.020684,0.0
2004-11-18,25.0,26.0,25.0,26.0,10.153151,1400.0
2004-11-19,25.0,26.0,25.0,26.0,10.153151,1400.0
2004-11-22,25.5,25.5,23.1,23.1,9.020684,0.0
2004-11-23,25.75,25.75,22.0,22.0,8.591126,0.0
2004-11-24,27.25,27.25,22.799999,22.799999,8.903532,0.0
2004-11-25,26.0,26.0,23.0,23.0,8.981633,0.0
2004-11-26,25.0,26.0,24.799999,26.0,10.153151,1000.0
2004-11-29,25.75,25.75,23.6,23.6,9.215937,0.0
2004-11-30,25.75,25.75,24.1,24.1,9.411189,0.0
2004-12-01,27.75,27.75,23.4,23.4,9.137836,0.0
2004-12-02,25.0,25.0,25.0,25.0,9.762646,2000.0
2004-12-03,26.0,26.0,23.200001,23.200001,9.059734,0.0
2004-12-06,23.200001,23.200001,23.200001,23.200001,9.059734,0.0
2004-12-07,29.75,29.75,23.1,23.1,9.020684,0.0
2004-12-08,30.0,30.0,22.299999,22.299999,8.708278,0.0
2004-12-09,28.75,28.75,28.75,28.75,11.227039,200.0
2004-12-10,28.75,28.75,28.75,28.75,11.227039,0.0
2004-12-13,24.0,26.75,24.0,24.4,9.528342,18100.0
2004-12-14,24.700001,24.700001,23.1,23.1,9.020684,0.0
2004-12-15,24.5,24.5,23.200001,23.200001,9.059734,0.0
2004-12-16,24.9,24.9,24.0,24.0,9.372139,0.0
2004-12-17,24.9,24.9,23.299999,23.299999,9.098785,0.0
2004-12-20,26.0,26.0,23.299999,23.299999,9.098785,0.0
2004-12-21,24.4,24.4,23.0,23.0,8.981633,0.0
2004-12-22,24.9,24.9,23.1,23.1,9.020684,0.0
2004-12-23,24.9,25.0,24.9,25.0,9.762646,800.0
2004-12-24,24.9,24.9,23.200001,23.200001,9.059734,0.0
2004-12-27,25.0,25.0,23.1,23.1,9.020684,0.0
2004-12-28,23.1,24.5,23.0,24.5,9.567393,2400.0
2004-12-29,24.9,24.9,23.1,23.1,9.020684,0.0
2004-12-30,24.0,24.0,24.0,24.0,9.372139,100.0
2004-12-31,24.0,24.0,24.0,24.0,9.372139,0.0
2005-01-04,24.0,24.0,24.0,24.0,9.372139,200.0
2005-01-05,24.0,25.25,24.0,24.0,9.372139,6300.0
2005-01-06,24.0,24.0,23.5,23.5,9.176886,0.0
2005-01-07,24.9,25.0,24.0,24.5,9.567393,4700.0
2005-01-10,24.5,25.0,24.5,25.0,9.762646,4500.0
2005-01-11,26.5,26.5,26.5,26.5,10.348403,3900.0
2005-01-12,27.0,27.0,26.5,27.0,10.543657,10000.0
2005-01-13,26.0,27.0,26.0,27.0,10.543657,400.0
2005-01-14,27.75,27.75,25.0,25.0,9.762646,0.0
2005-01-17,24.0,27.0,22.299999,27.0,10.543657,700.0
2005-01-18,26.75,30.0,26.75,30.0,11.715173,500.0
2005-01-19,28.75,29.75,28.0,29.0,11.324669,7400.0
2005-01-20,27.0,28.0,27.0,28.0,10.934163,4100.0
2005-01-21,27.0,27.0,27.0,27.0,10.543657,100.0
2005-01-24,27.0,27.0,24.0,24.0,9.372139,0.0
2005-01-25,27.0,27.0,24.0,24.0,9.372139,0.0
2005-01-26,27.0,27.0,24.6,24.6,9.606441,0.0
2005-01-27,24.6,27.0,24.6,27.0,10.543657,400.0
2005-01-28,26.5,26.5,25.0,25.0,9.762646,0.0
2005-01-31,27.0,27.0,24.5,24.5,9.567393,0.0
2005-02-01,26.0,26.0,24.5,24.5,9.567393,0.0
2005-02-02,27.0,27.0,24.0,24.0,9.372139,0.0
2005-02-03,27.0,27.0,24.799999,24.799999,9.684544,0.0
2005-02-04,25.0,27.0,25.0,27.0,10.543657,300.0
2005-02-07,27.0,27.0,24.6,24.6,9.606441,0.0
2005-02-08,27.0,27.0,27.0,27.0,10.543657,1600.0
2005-02-09,27.0,27.0,25.25,25.25,9.860271,0.0
2005-02-10,27.0,27.0,25.0,25.0,9.762646,0.0
2005-02-11,25.0,27.25,25.0,27.25,10.641284,300.0
2005-02-14,33.5,33.5,25.25,25.25,9.860271,0.0
2005-02-15,25.25,26.75,24.0,26.5,10.348403,13900.0
2005-02-16,26.75,26.75,25.0,25.0,9.762646,0.0
2005-02-17,27.0,27.0,25.5,25.5,9.957897,0.0
2005-02-18,27.5,27.5,24.5,24.5,9.567393,0.0
2005-02-21,28.0,28.0,24.6,24.6,9.606441,0.0
2005-02-22,26.75,26.75,25.0,25.0,9.762646,0.0
2005-02-24,25.0,27.5,25.0,27.5,10.738911,200.0
2005-02-25,27.0,27.0,25.0,25.0,9.762646,0.0
2005-02-28,27.5,27.5,24.4,24.4,9.528342,0.0
2005-03-01,24.200001,26.25,24.0,26.25,10.250775,9100.0
2005-03-02,26.0,26.0,24.0,24.0,9.372139,39700.0
2005-03-03,24.0,24.0,24.0,24.0,9.372139,700.0
2005-03-04,24.0,24.0,24.0,24.0,9.372139,300.0
2005-03-07,24.4,24.4,23.700001,23.700001,9.254989,0.0
2005-03-08,24.299999,24.299999,23.5,23.5,9.176886,2300.0
2005-03-09,23.5,23.5,23.5,23.5,9.176886,100.0
2005-03-10,24.0,24.0,23.4,23.4,9.137836,0.0
2005-03-11,23.200001,23.9,23.200001,23.700001,9.254989,400.0
2005-03-14,24.4,24.4,23.5,23.5,9.176886,20500.0
2005-03-15,24.299999,24.299999,24.0,24.0,9.372139,500.0
2005-03-16,24.0,24.0,23.799999,23.799999,9.294037,2600.0
2005-03-17,24.0,24.0,24.0,24.0,9.372139,100.0
2005-03-18,24.0,24.0,24.0,24.0,9.372139,400.0
2005-03-21,23.5,24.0,23.5,23.5,9.176886,2600.0
2005-03-22,24.0,24.0,22.200001,22.200001,8.669229,0.0
2005-03-23,23.5,24.0,23.299999,24.0,9.372139,16000.0
2005-03-24,23.1,23.9,23.1,23.9,9.333088,700.0
2005-03-25,23.799999,23.799999,23.799999,23.799999,9.294037,100.0
2005-03-28,23.799999,23.799999,23.799999,23.799999,9.294037,100.0
2005-03-29,23.9,23.9,23.6,23.6,9.215937,900.0
2005-03-30,23.9,24.0,23.9,24.0,9.372139,1400.0
2005-03-31,23.9,23.9,23.1,23.1,9.020684,0.0
2005-04-01,23.9,23.9,23.200001,23.200001,9.059734,0.0
2005-04-04,24.0,24.0,23.700001,23.799999,9.294037,3200.0
2005-04-05,23.799999,23.799999,23.700001,23.700001,9.254989,1500.0
2005-04-07,23.700001,23.799999,23.5,23.5,9.176886,2000.0
2005-04-08,23.5,23.5,23.5,23.5,9.176886,1200.0
2005-04-11,24.299999,24.299999,24.299999,24.299999,9.48929,200.0
2005-04-12,23.5,23.799999,23.5,23.799999,9.294037,1500.0
2005-04-18,23.799999,24.0,23.5,23.5,9.176886,10200.0
2005-04-19,23.299999,24.0,23.299999,24.0,9.372139,5600.0
2005-04-20,23.4,24.0,23.299999,23.299999,9.098785,7500.0
2005-04-21,23.4,23.799999,23.299999,23.299999,9.098785,3500.0
2005-04-22,23.200001,23.4,23.0,23.4,9.137836,8600.0
2005-04-25,23.200001,23.200001,22.9,22.9,8.942581,5000.0
2005-04-26,23.0,23.5,22.9,22.9,8.942581,20900.0
2005-04-27,23.5,23.5,22.799999,23.0,8.981633,23000.0
2005-04-28,20.799999,20.799999,20.0,20.0,8.553936,17800.0
2005-04-29,20.0,20.5,20.0,20.5,8.767784,4300.0
2005-05-03,20.5,21.0,20.299999,20.299999,8.682247,0.0
2005-05-04,20.299999,21.1,20.0,21.1,9.024403,2100.0
2005-05-06,21.1,21.200001,20.5,21.200001,9.067174,800.0
2005-05-09,20.6,20.6,20.5,20.5,8.767784,1000.0
2005-05-10,20.299999,20.299999,20.299999,20.299999,8.682247,1000.0
2005-05-11,20.1,20.5,20.0,20.5,8.767784,4700.0
2005-05-12,20.5,20.5,20.5,20.5,8.767784,100.0
2005-05-13,20.4,20.9,20.1,20.9,8.938863,6700.0
2005-05-16,21.4,21.4,20.200001,20.200001,8.639475,0.0
2005-05-17,21.200001,21.5,21.0,21.0,8.981633,10600.0
2005-05-18,21.5,24.0,21.299999,21.299999,9.109941,8400.0
2005-05-19,21.299999,21.299999,21.299999,21.299999,9.109941,1900.0
2005-05-20,21.299999,21.5,21.299999,21.5,9.195481,1300.0
2005-05-24,21.5,22.0,21.5,22.0,9.409329,6000.0
2005-05-25,22.0,23.0,22.0,22.1,9.452102,15800.0
2005-05-26,22.200001,22.200001,22.200001,22.200001,9.49487,1500.0
2005-05-27,22.200001,22.200001,22.200001,22.200001,9.49487,2000.0
2005-05-30,22.799999,22.799999,22.1,22.1,9.452102,0.0
2005-05-31,22.200001,22.200001,22.200001,22.200001,9.49487,600.0
2005-06-01,22.200001,22.200001,22.200001,22.200001,9.49487,1500.0
2005-06-02,22.799999,22.799999,22.0,22.0,9.409329,0.0
2005-06-03,22.200001,22.200001,22.200001,22.200001,9.49487,2900.0
2005-06-06,22.799999,22.799999,22.200001,22.200001,9.49487,0.0
2005-06-07,22.200001,22.200001,22.200001,22.200001,9.49487,3000.0
2005-06-08,23.0,23.0,22.200001,22.200001,9.49487,0.0
2005-06-09,22.200001,22.200001,22.1,22.1,9.452102,4500.0
2005-06-10,22.200001,22.200001,22.200001,22.200001,9.49487,2000.0
2005-06-13,22.700001,22.700001,22.200001,22.200001,9.49487,0.0
2005-06-14,22.700001,22.700001,22.0,22.0,9.409329,0.0
2005-06-15,22.700001,22.700001,22.200001,22.200001,9.49487,0.0
2005-06-16,22.200001,22.200001,22.200001,22.200001,9.49487,300.0
2005-06-17,22.5,22.799999,22.200001,22.200001,9.49487,2000.0
2005-06-20,22.700001,22.700001,22.1,22.1,9.452102,0.0
2005-06-21,22.4,22.4,22.1,22.1,9.452102,0.0
2005-06-22,22.700001,22.700001,22.200001,22.200001,9.49487,0.0
2005-06-23,22.799999,22.799999,22.799999,22.799999,9.751487,300.0
2005-06-24,22.0,22.9,22.0,22.200001,9.49487,1800.0
2005-06-27,22.799999,22.799999,22.1,22.1,9.452102,0.0
2005-06-28,22.799999,22.799999,22.799999,22.799999,9.751487,500.0
2005-06-29,22.5,22.5,22.5,22.5,9.623178,6500.0
2005-06-30,22.6,22.799999,22.5,22.799999,9.751487,13100.0
2005-07-04,22.799999,22.799999,22.5,22.5,9.623178,12000.0
2005-07-05,22.1,22.1,22.1,22.1,9.452102,700.0
2005-07-06,22.299999,22.700001,22.200001,22.200001,9.49487,1600.0
2005-07-07,22.0,22.0,22.0,22.0,9.409329,6000.0
2005-07-08,22.0,22.0,22.0,22.0,9.409329,1000.0
2005-07-11,22.0,22.0,22.0,22.0,9.409329,2000.0
2005-07-12,22.5,22.5,22.0,22.0,9.409329,0.0
2005-07-13,22.4,22.4,22.4,22.4,9.580408,100.0
2005-07-14,22.0,22.799999,22.0,22.0,9.409329,3.0
2005-07-15,22.799999,22.799999,22.0,22.0,9.409329,0.0
2005-07-18,22.0,22.799999,22.0,22.0,9.409329,1.0
2005-07-19,22.5,22.5,22.0,22.0,9.409329,0.0
2005-07-20,22.5,22.5,22.5,22.5,9.623178,100.0
2005-07-21,22.799999,22.799999,22.0,22.0,9.409329,3000.0
2005-07-25,22.0,22.5,22.0,22.5,9.623178,2000.0
2005-07-26,22.299999,22.299999,22.0,22.0,9.409329,2000.0
2005-07-27,22.5,22.799999,22.5,22.799999,9.751487,1000.0
2005-07-28,22.1,22.799999,22.1,22.799999,9.751487,2400.0
2005-07-29,22.700001,22.700001,22.5,22.5,9.623178,0.0
2005-08-01,23.6,23.6,22.299999,22.299999,9.537638,0.0
2005-08-02,23.4,23.4,22.299999,22.299999,9.537638,0.0
2005-08-03,22.4,22.799999,22.4,22.799999,9.751487,5000.0
2005-08-04,22.299999,22.799999,22.299999,22.299999,9.537638,3500.0
2005-08-05,22.299999,22.4,22.299999,22.4,9.580408,2800.0
2005-08-08,22.299999,22.9,22.299999,22.9,9.794257,500.0
2005-08-09,23.1,23.1,22.299999,22.299999,9.537638,0.0
2005-08-10,22.200001,23.0,22.200001,23.0,9.837026,1000.0
2005-08-11,23.4,23.4,22.5,22.5,9.623178,0.0
2005-08-15,22.5,22.799999,22.0,22.6,9.665948,11700.0
2005-08-16,23.4,23.4,23.4,23.4,10.008104,100.0
2005-08-17,23.0,23.9,23.0,23.9,10.221954,200.0
2005-08-18,23.299999,23.799999,23.299999,23.799999,10.179184,2000.0
2005-08-19,23.799999,23.799999,23.200001,23.200001,9.922565,0.0
2005-08-22,23.799999,24.0,23.799999,24.0,10.264723,700.0
2005-08-23,23.799999,24.0,23.799999,24.0,10.264723,14900.0
2005-08-24,24.0,24.5,23.6,24.1,10.307493,5500.0
2005-08-25,23.700001,24.0,23.700001,24.0,10.264723,1100.0
2005-08-26,24.0,26.0,24.0,26.0,11.120116,800.0
2005-08-29,24.0,25.0,23.5,25.0,10.692421,6800.0
2005-08-30,25.25,25.25,25.25,25.25,10.799345,200.0
2005-08-31,25.5,25.5,25.5,25.5,10.906268,1300.0
2005-09-01,25.0,25.25,25.0,25.25,10.799345,1300.0
2005-09-02,24.6,25.25,24.6,25.25,10.799345,1100.0
2005-09-05,24.6,25.25,24.1,25.25,10.799345,2100.0
2005-09-06,24.5,24.9,24.5,24.9,10.649651,500.0
2005-09-07,24.6,24.6,24.6,24.6,10.521342,300.0
2005-09-08,24.9,25.25,24.9,25.25,10.799345,3200.0
2005-09-09,25.25,25.25,25.0,25.0,10.692421,700.0
2005-09-12,25.0,25.5,25.0,25.5,10.906268,7500.0
2005-09-13,25.25,25.5,25.25,25.5,10.906268,1500.0
2005-09-14,25.5,25.5,25.5,25.5,10.906268,1000.0
2005-09-15,25.75,25.75,25.25,25.25,10.799345,0.0
2005-09-16,25.75,26.0,25.75,26.0,11.120116,300.0
2005-09-19,26.0,26.5,26.0,26.5,11.333964,3300.0
2005-09-20,26.75,26.75,26.75,26.75,11.440888,400.0
2005-09-21,26.75,27.0,26.0,26.0,11.120116,1900.0
2005-09-22,26.25,26.25,26.25,26.25,11.227039,100.0
2005-09-23,25.25,26.25,25.25,25.5,10.906268,1300.0
2005-09-26,26.5,26.5,25.25,25.25,10.799345,0.0
2005-09-27,26.25,26.25,25.5,25.5,10.906268,0.0
2005-09-28,26.25,26.25,25.5,25.5,10.906268,0.0
2005-09-29,26.5,26.5,25.5,25.5,10.906268,0.0
2005-09-30,25.75,25.75,25.75,25.75,11.013194,1000.0
2005-10-03,26.25,26.25,25.75,25.75,11.013194,0.0
2005-10-04,26.25,26.25,26.25,26.25,11.227039,200.0
2005-10-05,26.25,26.25,25.5,25.5,10.906268,0.0
2005-10-06,26.0,26.0,26.0,26.0,11.120116,100.0
2005-10-07,26.25,26.25,25.25,25.25,10.799345,0.0
2005-10-10,26.25,26.25,25.25,25.25,10.799345,0.0
2005-10-11,26.25,26.25,25.0,25.0,10.692421,0.0
2005-10-12,26.0,26.0,26.0,26.0,11.120116,600.0
2005-10-13,26.25,26.25,25.5,25.5,10.906268,0.0
2005-10-14,26.0,26.0,26.0,26.0,11.120116,500.0
2005-10-17,26.0,26.5,26.0,26.0,11.120116,2800.0
2005-10-18,26.75,26.75,26.75,26.75,11.440888,10300.0
2005-10-19,27.0,27.0,26.5,26.5,11.333964,0.0
2005-10-20,26.25,27.0,26.25,27.0,11.547814,300.0
2005-10-21,27.0,27.0,27.0,27.0,11.547814,100.0
2005-10-25,27.0,27.0,25.75,25.75,11.013194,0.0
2005-10-26,27.5,27.5,26.25,26.25,11.227039,0.0
2005-10-27,27.25,27.25,27.25,27.25,11.654739,100.0
2005-10-28,27.0,28.5,27.0,28.5,12.189359,10100.0
2005-10-31,28.0,28.0,26.75,26.75,11.440888,0.0
2005-11-01,28.0,28.0,26.75,26.75,11.440888,0.0
2005-11-02,27.5,27.5,27.5,27.5,11.761662,600.0
2005-11-03,27.5,27.5,26.75,26.75,11.440888,0.0
2005-11-04,26.75,27.5,26.5,26.5,11.333964,600.0
2005-11-07,26.25,26.5,26.25,26.5,11.333964,600.0
2005-11-08,26.75,26.75,26.75,26.75,11.440888,1000.0
2005-11-09,26.5,26.5,26.5,26.5,11.333964,600.0
2005-11-10,26.25,26.75,26.25,26.25,11.227039,34.0
2005-11-11,26.0,26.0,25.0,26.0,11.120116,9500.0
2005-11-14,26.5,26.5,26.5,26.5,11.333964,100.0
2005-11-15,24.799999,25.25,24.4,24.700001,10.564112,9900.0
2005-11-16,24.700001,24.9,24.700001,24.9,10.649651,3900.0
2005-11-17,24.700001,24.9,24.4,24.9,10.649651,1600.0
2005-11-18,24.200001,24.4,24.0,24.4,10.435802,4500.0
2005-11-21,24.0,24.6,23.799999,24.6,10.521342,5900.0
2005-11-22,24.6,24.6,24.6,24.6,10.521342,400.0
2005-11-23,24.299999,24.5,23.9,24.5,10.47857,6700.0
2005-11-24,24.1,24.700001,24.1,24.700001,10.564112,1900.0
2005-11-25,24.9,24.9,24.9,24.9,10.649651,100.0
2005-11-28,24.9,25.25,24.9,25.25,10.799345,4000.0
2005-11-29,24.799999,24.799999,24.700001,24.799999,10.606879,1200.0
2005-11-30,23.799999,25.0,23.799999,24.799999,10.606879,2600.0
2005-12-01,24.6,24.6,24.6,24.6,10.521342,1000.0
2005-12-02,24.799999,24.799999,24.799999,24.799999,10.606879,100.0
2005-12-06,24.799999,24.799999,24.299999,24.299999,10.393033,0.0
2005-12-07,24.299999,24.799999,24.299999,24.299999,10.393033,50.0
2005-12-08,24.299999,24.799999,24.299999,24.299999,10.393033,10.0
2005-12-09,24.799999,24.799999,24.200001,24.200001,10.350263,0.0
2005-12-13,24.200001,32.0,24.200001,26.0,11.120116,700.0
2005-12-14,25.0,25.0,25.0,25.0,10.692421,500.0
2005-12-15,25.0,25.25,25.0,25.25,10.799345,3200.0
2005-12-16,25.0,25.0,25.0,25.0,10.692421,1000.0
2005-12-19,25.0,25.0,24.9,24.9,10.649651,1900.0
2005-12-20,24.9,24.9,24.9,24.9,10.649651,1000.0
2005-12-21,25.0,25.0,25.0,25.0,10.692421,200.0
2005-12-22,25.25,28.0,25.25,28.0,11.975512,10600.0
2005-12-23,25.0,27.0,25.0,26.0,11.120116,300.0
2005-12-26,26.25,26.25,25.25,25.25,10.799345,0.0
2005-12-27,26.25,26.25,26.25,26.25,11.227039,100.0
2005-12-28,27.25,27.25,25.5,25.5,10.906268,0.0
2005-12-29,27.0,27.0,25.5,25.5,10.906268,0.0
2005-12-30,26.0,27.0,26.0,27.0,11.547814,2100.0
2006-01-03,27.0,27.0,26.25,27.0,11.547814,200.0
2006-01-04,26.0,27.0,26.0,27.0,11.547814,200.0
2006-01-05,26.25,27.0,26.25,26.25,11.227039,4.0
2006-01-06,26.0,26.75,26.0,26.75,11.440888,600.0
2006-01-09,27.0,27.0,27.0,27.0,11.547814,700.0
2006-01-10,27.0,27.0,26.0,26.0,11.120116,0.0
2006-01-11,27.0,27.0,26.25,26.25,11.227039,1200.0
2006-01-12,26.5,26.75,26.25,26.75,11.440888,1500.0
2006-01-13,27.0,27.5,27.0,27.5,11.761662,2100.0
2006-01-16,27.5,27.5,26.5,26.5,11.333964,0.0
2006-01-17,27.5,27.5,26.25,26.25,11.227039,0.0
2006-01-18,26.25,27.5,26.25,27.5,11.761662,600.0
2006-01-19,26.5,27.5,26.5,27.5,11.761662,1900.0
2006-01-20,27.0,27.5,27.0,27.5,11.761662,600.0
2006-01-23,26.75,27.5,26.75,26.75,11.440888,35.0
2006-01-24,27.5,27.5,27.5,27.5,11.761662,800.0
2006-01-25,27.25,28.0,27.25,28.0,11.975512,2200.0
2006-01-26,28.0,28.0,27.25,27.25,11.654739,0.0
2006-01-27,28.0,28.25,28.0,28.25,12.082436,800.0
2006-01-30,27.75,28.5,27.5,28.0,11.975512,4200.0
2006-01-31,28.25,28.5,28.0,28.5,12.189359,3600.0
2006-02-01,28.0,28.0,27.75,27.75,11.868587,1500.0
2006-02-02,27.5,27.5,27.5,27.5,11.761662,200.0
2006-02-03,28.0,28.0,28.0,28.0,11.975512,100.0
2006-02-06,27.75,27.75,27.5,27.5,11.761662,1200.0
2006-02-07,27.5,27.75,27.5,27.75,11.868587,1300.0
2006-02-08,27.5,27.5,27.5,27.5,11.761662,200.0
2006-02-09,28.25,28.25,27.5,27.5,11.761662,0.0
2006-02-10,27.5,27.75,27.5,27.75,11.868587,200.0
2006-02-13,27.5,27.5,27.5,27.5,11.761662,0.0
2006-02-14,27.5,27.75,27.25,27.25,11.654739,2400.0
2006-02-15,27.5,27.5,27.5,27.5,11.761662,500.0
2006-02-16,27.75,28.0,27.25,28.0,11.975512,2400.0
2006-02-17,27.5,27.5,27.5,27.5,11.761662,200.0
2006-02-20,28.0,28.0,27.25,27.25,11.654739,0.0
2006-02-21,29.75,29.75,27.0,27.0,11.547814,0.0
2006-02-22,29.0,29.0,28.0,28.0,11.975512,200.0
2006-02-23,28.5,28.5,27.25,27.25,11.654739,0.0
2006-02-24,28.0,28.0,28.0,28.0,11.975512,100.0
2006-02-27,28.25,28.25,27.75,27.75,11.868587,1100.0
2006-02-28,27.5,27.5,27.25,27.25,11.654739,500.0
2006-03-01,28.0,28.0,26.25,26.25,11.227039,0.0
2006-03-02,28.0,28.0,27.0,27.0,11.547814,2500.0
2006-03-03,27.0,27.5,27.0,27.0,11.547814,2900.0
2006-03-06,28.75,28.75,26.75,26.75,11.440888,0.0
2006-03-07,27.75,27.75,27.0,27.0,11.547814,0.0
2006-03-08,27.0,27.0,27.0,27.0,11.547814,1000.0
2006-03-09,27.5,27.5,27.25,27.25,11.654739,300.0
2006-03-10,27.5,27.5,27.0,27.0,11.547814,0.0
2006-03-13,27.25,27.25,27.25,27.25,11.654739,500.0
2006-03-14,27.75,27.75,27.0,27.0,11.547814,0.0
2006-03-15,27.75,27.75,27.75,27.75,11.868587,600.0
2006-03-16,28.0,28.0,28.0,28.0,11.975512,900.0
2006-03-17,28.25,28.25,27.5,27.5,11.761662,0.0
2006-03-20,28.25,28.25,27.5,27.5,11.761662,0.0
2006-03-21,26.75,28.75,26.75,26.75,11.440888,50.0
2006-03-22,28.25,28.5,28.25,28.5,12.189359,1200.0
2006-03-23,28.5,28.5,28.5,28.5,12.189359,100.0
2006-03-24,28.5,28.5,28.5,28.5,12.189359,100.0
2006-03-27,28.5,28.5,28.0,28.5,12.189359,1000.0
2006-03-28,28.5,28.5,27.0,27.0,11.547814,0.0
2006-03-29,28.5,28.5,27.5,28.5,12.189359,1200.0
2006-03-30,28.5,28.5,28.5,28.5,12.189359,200.0
2006-03-31,28.5,28.5,28.0,28.5,12.189359,600.0
2006-04-03,28.5,28.75,28.0,28.75,12.296284,2600.0
2006-04-04,28.0,29.0,28.0,29.0,12.403206,3200.0
2006-04-05,28.75,29.25,28.75,29.25,12.510131,2400.0
2006-04-06,29.25,29.25,29.25,29.25,12.510131,0.0
2006-04-07,29.75,29.75,28.0,28.0,11.975512,0.0
2006-04-10,28.5,29.0,28.5,29.0,12.403206,2000.0
2006-04-11,29.0,29.25,29.0,29.0,12.403206,3800.0
2006-04-12,28.75,29.0,28.0,29.0,12.403206,26100.0
2006-04-13,29.0,29.0,29.0,29.0,12.403206,0.0
2006-04-14,29.0,29.0,29.0,29.0,12.403206,0.0
2006-04-17,29.0,29.0,28.25,28.25,12.082436,1300.0
2006-04-18,28.25,28.25,28.0,28.25,12.082436,10500.0
2006-04-19,28.25,28.25,28.25,28.25,12.082436,0.0
2006-04-20,28.0,28.5,28.0,28.0,11.975512,7200.0
2006-04-21,28.5,28.5,28.25,28.25,12.082436,2500.0
2006-04-24,28.25,28.25,28.0,28.25,12.082436,26800.0
2006-04-25,28.0,28.0,27.5,27.75,11.868587,15800.0
2006-04-26,28.0,28.0,27.5,28.0,11.975512,7400.0
2006-04-27,28.0,28.25,27.75,28.25,12.082436,18600.0
2006-04-28,25.25,26.0,25.0,25.75,11.852291,15300.0
2006-05-01,,,,,,
2006-05-02,25.75,26.0,25.5,25.5,11.737224,5400.0
2006-05-03,25.5,25.75,25.25,25.25,11.622153,12200.0
2006-05-04,25.5,25.5,25.0,25.25,11.622153,6200.0
2006-05-05,25.25,25.25,25.25,25.25,11.622153,0.0
2006-05-08,25.25,25.25,24.799999,25.25,11.622153,2600.0
2006-05-09,25.0,25.0,24.799999,25.0,11.507081,4300.0
2006-05-10,24.9,25.0,24.9,25.0,11.507081,1700.0
2006-05-11,24.799999,25.25,24.799999,25.25,11.622153,6000.0
2006-05-12,25.25,25.25,25.25,25.25,11.622153,0.0
2006-05-15,24.700001,26.25,24.700001,25.5,11.737224,8300.0
2006-05-16,26.0,26.25,25.5,25.5,11.737224,20600.0
2006-05-17,25.5,26.0,25.5,26.0,11.967363,5100.0
2006-05-18,25.5,26.0,25.25,25.5,11.737224,25300.0
2006-05-19,26.75,26.75,26.0,26.25,12.082436,5900.0
2006-05-22,26.25,26.25,25.0,25.0,11.507081,7800.0
2006-05-23,25.0,27.0,24.799999,25.0,11.507081,12100.0
2006-05-24,25.5,25.5,24.9,25.0,11.507081,12500.0
2006-05-25,25.0,25.0,25.0,25.0,11.507081,13000.0
2006-05-26,25.25,25.25,25.25,25.25,11.622153,400.0
2006-05-29,25.0,25.25,25.0,25.25,11.622153,1000.0
2006-05-30,25.5,25.5,25.5,25.5,11.737224,10700.0
2006-05-31,25.5,25.5,25.5,25.5,11.737224,100.0
2006-06-01,25.5,26.0,25.5,25.5,11.737224,2600.0
2006-06-02,25.25,25.5,25.0,25.5,11.737224,2200.0
2006-06-05,25.5,26.0,25.5,26.0,11.967363,1400.0
2006-06-06,25.5,25.5,25.0,25.5,11.737224,1200.0
2006-06-07,25.0,25.5,25.0,25.5,11.737224,4300.0
2006-06-08,25.25,25.25,24.799999,25.25,11.622153,2800.0
2006-06-09,25.75,27.5,25.5,25.5,11.737224,14900.0
2006-06-12,25.5,25.5,25.5,25.5,11.737224,0.0
2006-06-13,25.5,25.5,25.5,25.5,11.737224,0.0
2006-06-14,27.0,27.0,27.0,27.0,12.427649,100.0
2006-06-15,25.0,26.0,25.0,26.0,11.967363,1000.0
2006-06-16,26.0,26.25,25.25,25.5,11.737224,3000.0
2006-06-19,25.5,25.5,25.5,25.5,11.737224,800.0
2006-06-20,25.75,26.0,25.75,26.0,11.967363,200.0
2006-06-21,25.5,26.0,25.0,25.25,11.622153,6100.0
2006-06-22,25.75,26.0,25.25,25.25,11.622153,4200.0
2006-06-23,25.75,25.75,25.75,25.75,11.852291,200.0
2006-06-26,26.0,26.25,26.0,26.25,12.082436,200.0
2006-06-27,27.0,27.0,26.25,26.25,12.082436,200.0
2006-06-28,26.5,26.5,25.25,26.5,12.197507,2600.0
2006-06-29,26.5,26.5,25.25,25.25,11.622153,0.0
2006-06-30,26.0,26.0,26.0,26.0,11.967363,500.0
2006-07-03,25.5,25.5,24.9,24.9,11.461054,4800.0
2006-07-04,25.25,26.0,25.25,26.0,11.967363,1700.0
2006-07-05,26.0,26.0,25.25,25.25,11.622153,0.0
2006-07-06,26.0,26.0,25.25,25.25,11.622153,0.0
2006-07-07,25.75,25.75,25.25,25.25,11.622153,0.0
2006-07-10,25.75,26.0,25.75,26.0,11.967363,200.0
2006-07-11,26.0,26.0,26.0,26.0,11.967363,0.0
2006-07-12,26.0,26.0,25.25,25.25,11.622153,0.0
2006-07-13,26.0,26.0,25.25,25.25,11.622153,0.0
2006-07-14,25.25,26.5,25.0,26.5,12.197507,1400.0
2006-07-17,25.25,26.5,25.25,26.5,12.197507,800.0
2006-07-18,26.0,26.0,25.25,25.25,11.622153,0.0
2006-07-19,26.25,26.25,25.25,25.25,11.622153,0.0
2006-07-20,26.25,26.25,25.25,25.25,11.622153,0.0
2006-07-21,26.5,26.5,25.25,25.25,11.622153,0.0
2006-07-24,25.5,26.5,25.0,25.25,11.622153,2200.0
2006-07-25,26.5,26.5,25.25,25.25,11.622153,0.0
2006-07-26,26.25,26.25,25.0,25.0,11.507081,0.0
2006-07-27,25.5,26.0,25.5,26.0,11.967363,2100.0
2006-07-28,25.5,26.0,25.5,26.0,11.967363,2.0
2006-07-31,25.25,26.0,24.0,26.0,11.967363,4600.0
2006-08-01,25.75,25.75,25.0,25.0,11.507081,0.0
2006-08-02,25.75,25.75,25.25,25.25,11.622153,0.0
2006-08-03,26.0,26.0,25.25,25.25,11.622153,0.0
2006-08-04,26.0,26.0,25.25,25.25,11.622153,0.0
2006-08-07,26.0,26.0,25.25,25.25,11.622153,0.0
2006-08-08,26.75,26.75,25.25,25.25,11.622153,0.0
2006-08-09,25.5,25.5,25.5,25.5,11.737224,1000.0
2006-08-10,25.25,25.5,25.25,25.5,11.737224,1300.0
2006-08-11,25.75,25.75,25.75,25.75,11.852291,100.0
2006-08-14,25.75,25.75,25.75,25.75,11.852291,0.0
2006-08-15,26.5,26.5,23.4,24.299999,11.184884,15300.0
2006-08-16,23.799999,24.1,23.5,23.9,11.00077,3500.0
2006-08-17,24.299999,24.299999,22.200001,23.0,10.586515,13500.0
2006-08-18,22.5,22.799999,22.5,22.799999,10.494458,1300.0
2006-08-21,22.9,22.9,22.9,22.9,10.540486,400.0
2006-08-22,23.200001,23.200001,22.5,23.200001,10.678572,1300.0
2006-08-23,23.0,23.0,22.299999,22.299999,10.264316,0.0
2006-08-24,23.1,23.1,22.0,22.0,10.126231,0.0
2006-08-25,23.1,23.1,23.1,23.1,10.632545,100.0
2006-08-28,23.1,23.1,21.799999,21.799999,10.034174,0.0
2006-08-29,23.0,23.0,20.5,20.5,9.435807,0.0
2006-08-30,23.0,23.0,21.0,21.0,9.665948,0.0
2006-08-31,23.0,23.0,20.6,20.6,9.481835,0.0
2006-09-01,23.0,23.0,22.799999,22.799999,10.494458,300.0
2006-09-04,23.1,23.1,22.6,22.6,10.4024,0.0
2006-09-05,23.1,23.1,22.299999,22.299999,10.264316,0.0
2006-09-06,23.1,23.1,22.799999,22.799999,10.494458,0.0
2006-09-07,22.5,23.0,22.5,23.0,10.586515,1600.0
2006-09-08,23.1,23.1,22.299999,22.299999,10.264316,0.0
2006-09-11,22.799999,22.799999,22.700001,22.700001,10.44843,2700.0
2006-09-12,22.700001,22.700001,22.700001,22.700001,10.44843,3000.0
2006-09-13,22.5,23.0,22.5,23.0,10.586515,700.0
2006-09-14,22.799999,22.799999,22.799999,22.799999,10.494458,200.0
2006-09-15,22.799999,22.9,22.700001,22.9,10.540486,4100.0
2006-09-18,22.0,23.0,22.0,23.0,10.586515,300.0
2006-09-19,22.700001,25.0,22.700001,25.0,11.507081,3100.0
2006-09-20,25.0,25.0,25.0,25.0,11.507081,0.0
2006-09-21,22.1,24.9,22.1,24.9,11.461054,2100.0
2006-09-22,21.5,22.0,21.0,22.0,10.126231,22100.0
2006-09-25,21.5,23.0,21.200001,23.0,10.586515,3600.0
2006-09-26,22.9,22.9,21.700001,21.700001,9.988146,0.0
2006-09-27,22.5,22.5,22.5,22.5,10.356373,3200.0
2006-09-28,21.799999,22.1,21.5,22.0,10.126231,8600.0
2006-09-29,22.0,22.0,21.700001,22.0,10.126231,5400.0
2006-10-02,22.0,22.0,21.5,21.5,9.896091,0.0
2006-10-03,22.0,22.0,21.5,22.0,10.126231,9600.0
2006-10-04,22.5,22.5,22.1,22.1,10.172259,400.0
2006-10-05,22.5,22.5,21.5,22.4,10.310345,23800.0
2006-10-06,22.0,22.4,21.700001,21.9,10.080203,13300.0
2006-10-09,22.0,22.5,21.6,21.9,10.080203,12700.0
2006-10-10,22.0,22.200001,22.0,22.200001,10.218287,2000.0
2006-10-11,22.0,22.0,22.0,22.0,10.126231,3500.0
2006-10-12,22.0,22.9,22.0,22.0,10.126231,3000.0
2006-10-13,22.6,22.6,22.0,22.0,10.126231,1600.0
2006-10-16,22.6,22.6,22.6,22.6,10.4024,200.0
2006-10-17,22.1,22.6,22.1,22.1,10.172259,50.0
2006-10-18,22.6,22.6,22.1,22.1,10.172259,0.0
2006-10-19,22.799999,22.799999,22.1,22.1,10.172259,0.0
2006-10-20,22.1,22.799999,22.0,22.799999,10.494458,2700.0
2006-10-23,22.799999,22.799999,22.799999,22.799999,10.494458,0.0
2006-10-24,22.700001,22.700001,21.9,21.9,10.080203,0.0
2006-10-25,22.799999,22.799999,21.799999,22.0,10.126231,2600.0
2006-10-26,22.799999,22.799999,22.799999,22.799999,10.494458,100.0
2006-10-27,22.700001,22.700001,22.0,22.0,10.126231,0.0
2006-10-30,22.6,22.6,22.5,22.6,10.4024,800.0
2006-10-31,22.5,22.5,22.5,22.5,10.356373,100.0
2006-11-01,22.5,22.5,22.5,22.5,10.356373,1000.0
2006-11-02,22.4,22.4,22.0,22.4,10.310345,3900.0
2006-11-03,22.4,22.4,22.0,22.0,10.126231,0.0
2006-11-06,22.0,22.4,22.0,22.4,10.310345,300.0
2006-11-07,22.5,22.5,22.5,22.5,10.356373,4600.0
2006-11-08,22.0,22.0,22.0,22.0,10.126231,500.0
2006-11-09,22.9,22.9,22.0,22.0,10.126231,0.0
2006-11-10,22.5,22.5,21.9,21.9,10.080203,0.0
2006-11-13,22.799999,22.799999,21.9,21.9,10.080203,0.0
2006-11-14,22.1,22.1,22.0,22.0,10.126231,2400.0
2006-11-15,22.200001,22.799999,22.200001,22.799999,10.494458,3100.0
2006-11-16,22.700001,22.9,22.700001,22.799999,10.494458,1200.0
2006-11-17,22.5,22.5,22.200001,22.200001,10.218287,1700.0
2006-11-20,22.200001,22.6,22.200001,22.6,10.4024,1100.0
2006-11-21,22.6,22.6,22.0,22.0,10.126231,0.0
2006-11-22,22.4,22.4,22.299999,22.299999,10.264316,1600.0
2006-11-23,22.5,22.5,22.299999,22.299999,10.264316,0.0
2006-11-24,22.5,22.5,22.200001,22.5,10.356373,1700.0
2006-11-27,22.799999,22.9,22.5,22.9,10.540486,1.0
2006-11-28,23.0,23.4,22.9,23.4,10.770629,2500.0
2006-11-29,23.0,23.799999,22.799999,23.200001,10.678572,1200.0
2006-11-30,23.0,23.0,22.700001,22.700001,10.44843,300.0
2006-12-01,22.6,22.6,22.6,22.6,10.4024,0.0
2006-12-04,23.0,23.200001,23.0,23.200001,10.678572,1100.0
2006-12-05,23.200001,23.200001,23.200001,23.200001,10.678572,0.0
2006-12-06,23.0,23.0,23.0,23.0,10.586515,500.0
2006-12-07,23.0,23.0,23.0,23.0,10.586515,400.0
2006-12-08,23.0,23.4,23.0,23.4,10.770629,2300.0
2006-12-11,23.4,23.4,23.4,23.4,10.770629,0.0
2006-12-12,23.5,23.6,23.4,23.5,10.816657,8200.0
2006-12-13,23.4,23.4,23.4,23.4,10.770629,1000.0
2006-12-14,23.5,23.700001,23.4,23.4,10.770629,1500.0
2006-12-15,23.6,23.9,23.6,23.9,11.00077,1900.0
2006-12-18,23.799999,23.9,23.700001,23.9,11.00077,5100.0
2006-12-19,23.6,23.9,23.0,23.0,10.586515,8500.0
2006-12-20,23.6,23.6,23.6,23.6,10.862685,100.0
2006-12-21,25.0,25.0,22.700001,22.700001,10.44843,0.0
2006-12-22,23.0,23.4,23.0,23.4,10.770629,1.0
2006-12-25,23.1,23.1,23.1,23.1,10.632545,200.0
2006-12-26,23.5,23.9,23.5,23.9,11.00077,2100.0
2006-12-27,23.9,23.9,23.299999,23.299999,10.724602,0.0
2006-12-28,23.9,23.9,23.299999,23.299999,10.724602,0.0
2006-12-29,25.5,25.5,23.4,24.4,11.230913,300.0
2007-01-03,24.4,24.4,23.1,23.1,10.632545,0.0
2007-01-04,24.4,24.4,23.200001,23.299999,10.724602,5700.0
2007-01-05,23.299999,23.299999,22.700001,22.700001,10.44843,0.0
2007-01-08,22.700001,23.1,22.5,23.1,10.632545,1100.0
2007-01-09,22.700001,23.0,22.700001,23.0,10.586515,200.0
2007-01-10,22.5,22.9,22.5,22.9,10.540486,1100.0
2007-01-11,23.299999,23.299999,22.4,22.4,10.310345,0.0
2007-01-12,23.0,23.0,22.5,22.5,10.356373,0.0
2007-01-15,23.299999,23.299999,23.299999,23.299999,10.724602,100.0
2007-01-16,23.0,23.299999,23.0,23.299999,10.724602,3200.0
2007-01-17,23.1,23.299999,23.1,23.299999,10.724602,3000.0
2007-01-18,24.0,24.0,23.0,23.0,10.586515,0.0
2007-01-19,23.9,23.9,23.0,23.0,10.586515,0.0
2007-01-22,30.25,30.25,30.25,30.25,13.923569,100.0
2007-01-23,23.0,25.0,23.0,25.0,11.507081,2100.0
2007-01-24,23.0,25.0,23.0,23.0,10.586515,7.0
2007-01-25,25.0,25.0,23.0,23.0,10.586515,0.0
2007-01-26,30.0,30.0,23.0,23.0,10.586515,0.0
2007-01-29,27.0,27.0,23.0,23.0,10.586515,0.0
2007-01-30,25.25,25.25,22.9,22.9,10.540486,0.0
2007-01-31,23.0,27.0,23.0,23.0,10.586515,1.0
2007-02-01,25.25,25.25,23.5,23.5,10.816657,0.0
2007-02-02,26.75,26.75,23.0,23.0,10.586515,0.0
2007-02-05,25.0,25.0,23.5,23.5,10.816657,0.0
2007-02-06,23.5,24.0,23.5,23.5,10.816657,18.0
2007-02-07,24.0,24.0,24.0,24.0,11.046798,1100.0
2007-02-08,23.6,23.6,23.6,23.6,10.862685,100.0
2007-02-09,23.6,23.6,23.6,23.6,10.862685,500.0
2007-02-12,24.6,24.6,23.5,23.5,10.816657,0.0
2007-02-13,24.0,24.0,24.0,24.0,11.046798,1000.0
2007-02-14,24.4,24.4,23.5,23.5,10.816657,0.0
2007-02-15,24.299999,24.299999,23.700001,23.700001,10.908714,0.0
2007-02-16,24.299999,25.0,24.0,24.5,11.27694,2100.0
2007-02-19,24.1,24.1,24.0,24.0,11.046798,2200.0
2007-02-20,24.5,24.5,23.6,23.6,10.862685,2800.0
2007-02-21,23.799999,24.4,23.799999,23.799999,10.954742,1.0
2007-02-22,25.0,25.0,25.0,25.0,11.507081,400.0
2007-02-23,24.0,24.0,24.0,24.0,11.046798,500.0
2007-02-26,24.6,24.6,24.6,24.6,11.322967,900.0
2007-02-27,24.5,24.5,24.1,24.1,11.092828,0.0
2007-02-28,24.1,24.5,24.1,24.5,11.27694,3100.0
2007-03-01,23.6,25.75,23.6,23.6,10.862685,96.0
2007-03-02,24.5,24.5,23.6,23.6,10.862685,0.0
2007-03-06,23.6,24.5,23.5,23.5,10.816657,0.0
2007-03-07,24.5,24.5,24.5,24.5,11.27694,800.0
2007-03-08,24.5,24.5,24.5,24.5,11.27694,100.0
2007-03-09,25.0,26.0,25.0,26.0,11.967363,6100.0
2007-03-12,26.0,26.25,26.0,26.25,12.082436,5900.0
2007-03-13,26.5,26.5,26.5,26.5,12.197507,1100.0
2007-03-14,26.5,26.75,26.5,26.5,12.197507,2200.0
2007-03-15,26.5,26.75,26.25,26.5,12.197507,3200.0
2007-03-16,26.75,27.0,26.25,26.25,12.082436,17800.0
2007-03-19,26.5,26.5,26.25,26.5,12.197507,8000.0
2007-03-20,26.5,26.75,26.5,26.5,12.197507,6100.0
2007-03-21,26.5,26.5,26.5,26.5,12.197507,4100.0
2007-03-22,26.5,26.5,26.25,26.25,12.082436,16200.0
2007-03-23,23.5,23.5,23.299999,23.299999,11.853504,11700.0
2007-03-26,23.299999,23.299999,23.1,23.1,11.751758,7200.0
2007-03-27,23.200001,23.200001,23.200001,23.200001,11.802633,700.0
2007-03-28,23.299999,23.299999,23.299999,23.299999,11.853504,1000.0
2007-03-29,23.1,23.1,23.1,23.1,11.751758,3100.0
2007-03-30,23.299999,23.299999,23.1,23.1,11.751758,1800.0
2007-04-02,23.1,23.1,23.1,23.1,11.751758,2100.0
2007-04-03,23.0,23.0,23.0,23.0,11.700885,500.0
2007-04-04,23.0,23.0,23.0,23.0,11.700885,1400.0
2007-04-05,23.0,23.299999,23.0,23.299999,11.853504,200.0
2007-04-09,23.299999,23.299999,23.0,23.0,11.700885,0.0
2007-04-10,23.4,23.4,23.0,23.0,11.700885,0.0
2007-04-11,23.299999,23.299999,23.299999,23.299999,11.853504,13400.0
2007-04-12,23.5,23.5,23.5,23.5,11.955252,100.0
2007-04-17,23.5,23.799999,23.5,23.6,12.006126,1100.0
2007-04-18,23.6,23.6,23.5,23.5,11.955252,5500.0
2007-04-19,23.5,23.700001,23.299999,23.700001,12.056998,6600.0
2007-04-20,23.799999,23.799999,23.4,23.4,11.904379,0.0
2007-04-23,23.799999,23.799999,23.5,23.5,11.955252,0.0
2007-04-24,23.799999,23.799999,23.799999,23.799999,12.107872,100.0
2007-04-25,23.799999,23.799999,23.5,23.5,11.955252,2600.0
2007-04-26,23.5,23.5,23.5,23.5,11.955252,600.0
2007-04-27,24.200001,24.200001,23.5,23.6,12.006126,1200.0
2007-04-30,24.0,24.0,23.6,23.6,12.006126,0.0
2007-05-02,23.6,23.799999,23.6,23.799999,12.107872,500.0
2007-05-03,23.6,23.6,23.6,23.6,12.006126,1000.0
2007-05-04,23.5,24.0,23.5,24.0,12.209618,200.0
2007-05-08,24.0,24.200001,24.0,24.0,12.209618,300.0
2007-05-09,24.200001,24.299999,24.200001,24.299999,12.362239,1800.0
2007-05-10,24.5,24.5,24.4,24.5,12.463984,15400.0
2007-05-11,24.799999,24.799999,24.799999,24.799999,12.616605,100.0
2007-05-14,24.5,24.5,24.5,24.5,12.463984,19500.0
2007-05-15,25.0,28.0,25.0,28.0,14.244553,48200.0
2007-05-16,27.25,27.25,27.25,27.25,13.863004,1200.0
2007-05-17,27.0,27.0,26.75,26.75,13.608637,4000.0
2007-05-18,27.75,28.5,27.75,28.5,14.498921,10700.0
2007-05-21,28.5,28.5,27.5,28.25,14.37174,3400.0
2007-05-22,26.75,28.0,26.75,28.0,14.244553,1400.0
2007-05-23,27.25,27.75,27.25,27.75,14.117372,200.0
2007-05-24,27.0,27.75,27.0,27.75,14.117372,600.0
2007-05-25,27.75,29.0,27.75,29.0,14.753292,10200.0
2007-05-28,28.5,29.0,27.5,28.0,14.244553,5500.0
2007-05-29,28.25,28.25,28.25,28.25,14.37174,100.0
2007-05-30,28.5,29.0,28.5,29.0,14.753292,2500.0
2007-06-01,29.0,29.0,28.5,28.5,14.498921,1100.0
2007-06-04,28.5,28.75,28.5,28.5,14.498921,11600.0
2007-06-05,28.5,28.5,27.75,27.75,14.117372,0.0
2007-06-06,29.0,29.0,29.0,29.0,14.753292,1700.0
2007-06-07,28.0,28.0,28.0,28.0,14.244553,1300.0
2007-06-08,29.0,30.0,28.0,28.0,14.244553,7600.0
2007-06-11,28.0,28.0,28.0,28.0,14.244553,600.0
2007-06-12,28.0,28.5,28.0,28.5,14.498921,5600.0
2007-06-13,29.0,29.0,28.0,28.0,14.244553,7100.0
2007-06-14,29.0,29.0,29.0,29.0,14.753292,500.0
2007-06-15,29.0,29.0,28.0,28.0,14.244553,0.0
2007-06-18,28.25,28.75,28.0,28.75,14.626106,3100.0
2007-06-19,28.75,28.75,28.25,28.25,14.37174,0.0
2007-06-20,28.25,28.25,28.25,28.25,14.37174,100.0
2007-06-21,28.25,28.25,28.25,28.25,14.37174,3500.0
2007-06-22,28.75,29.0,28.75,29.0,14.753292,200.0
2007-06-25,28.0,29.0,28.0,29.0,14.753292,400.0
2007-06-26,28.5,28.5,28.5,28.5,14.498921,2000.0
2007-06-27,28.5,28.5,28.5,28.5,14.498921,7600.0
2007-06-28,28.5,28.5,28.5,28.5,14.498921,6500.0
2007-06-29,29.0,29.0,28.0,28.0,14.244553,0.0
2007-07-02,28.5,28.75,28.5,28.75,14.626106,1000.0
2007-07-03,28.75,28.75,28.75,28.75,14.626106,26.0
2007-07-04,28.75,28.75,28.5,28.5,14.498921,4400.0
2007-07-05,28.5,28.5,28.5,28.5,14.498921,1900.0
2007-07-06,28.5,28.5,28.5,28.5,14.498921,25.0
2007-07-09,28.5,29.0,28.5,29.0,14.753292,1100.0
2007-07-10,29.0,30.0,28.75,29.75,15.134838,19800.0
2007-07-11,30.0,30.5,30.0,30.0,15.262021,12400.0
2007-07-12,29.75,30.25,29.75,30.0,15.262021,4100.0
2007-07-13,30.5,30.5,29.75,29.75,15.134838,0.0
2007-07-16,30.5,30.5,30.0,30.0,15.262021,0.0
2007-07-17,30.0,30.5,30.0,30.5,15.516388,3000.0
2007-07-18,30.5,30.75,30.5,30.75,15.643575,1300.0
2007-07-19,30.0,30.25,30.0,30.25,15.389209,2000.0
2007-07-20,30.25,30.25,30.25,30.25,15.389209,1000.0
2007-07-23,30.0,30.0,30.0,30.0,15.262021,500.0
2007-07-24,30.0,30.25,29.75,30.25,15.389209,2700.0
2007-07-25,31.0,31.0,29.75,29.75,15.134838,0.0
2007-07-26,31.0,31.0,29.75,29.75,15.134838,0.0
2007-07-27,30.0,30.0,30.0,30.0,15.262021,600.0
2007-07-31,30.0,30.0,29.5,29.5,15.007655,500.0
2007-08-01,29.5,29.5,29.5,29.5,15.007655,3500.0
2007-08-02,29.5,30.0,29.5,30.0,15.262021,6500.0
2007-08-03,29.0,29.0,29.0,29.0,14.753292,4100.0
2007-08-06,29.0,29.0,29.0,29.0,14.753292,1000.0
2007-08-07,30.0,30.0,28.0,28.0,14.244553,0.0
2007-08-08,30.0,30.0,28.0,28.0,14.244553,0.0
2007-08-09,28.5,28.5,28.5,28.5,14.498921,1000.0
2007-08-10,29.5,29.5,28.0,28.0,14.244553,5700.0
2007-08-14,28.0,32.0,28.0,31.75,16.152309,42200.0
2007-08-15,33.0,34.75,33.0,33.25,16.915409,34400.0
2007-08-16,33.5,34.0,33.0,34.0,17.296961,9400.0
2007-08-17,33.5,33.75,33.5,33.75,17.169777,5900.0
2007-08-20,34.0,35.0,33.75,35.0,17.805693,38100.0
2007-08-21,35.0,37.5,35.0,37.5,19.07753,6700.0
2007-08-22,37.25,37.25,37.0,37.0,18.823164,28000.0
2007-08-23,37.0,37.25,36.75,36.75,18.69598,11100.0
2007-08-24,34.0,35.0,33.0,35.0,18.830481,3500.0
2007-08-27,34.5,34.5,34.5,34.5,18.561476,1200.0
2007-08-28,34.5,34.5,33.0,33.0,17.754454,0.0
2007-08-29,34.5,35.0,34.5,35.0,18.830481,2500.0
2007-08-30,35.0,35.0,35.0,35.0,18.830481,4200.0
2007-08-31,35.0,36.25,34.5,35.0,18.830481,2000.0
2007-09-03,34.0,35.0,34.0,35.0,18.830481,2200.0
2007-09-04,35.0,35.0,35.0,35.0,18.830481,2800.0
2007-09-05,35.0,36.25,35.0,36.25,19.503,1600.0
2007-09-06,35.25,35.25,35.25,35.25,18.964989,100.0
2007-09-07,35.0,35.0,34.5,35.0,18.830481,1900.0
2007-09-10,36.0,36.0,34.5,35.25,18.964989,1500.0
2007-09-11,35.5,35.75,35.0,35.0,18.830481,1200.0
2007-09-12,35.0,36.0,35.0,36.0,19.368496,6700.0
2007-09-13,36.25,36.5,36.25,36.5,19.637503,4400.0
2007-09-14,36.5,37.0,36.5,37.0,19.906509,8600.0
2007-09-17,42.0,42.0,36.0,36.0,19.368496,0.0
2007-09-18,37.0,37.0,37.0,37.0,19.906509,1000.0
2007-09-19,36.0,36.0,33.0,33.0,17.754454,64600.0
2007-09-20,35.0,35.0,35.0,35.0,18.830481,500.0
2007-09-21,35.0,35.25,34.75,35.25,18.964989,6000.0
2007-09-24,35.75,35.75,35.25,35.25,18.964989,0.0
2007-09-25,34.5,34.5,34.5,34.5,18.561476,1100.0
2007-09-26,35.0,35.75,34.25,35.75,19.233994,2600.0
2007-09-27,34.25,35.5,34.25,35.25,18.964989,1600.0
2007-09-28,34.25,34.75,34.25,34.75,18.69598,1100.0
2007-10-01,35.0,35.25,34.5,35.0,18.830481,4000.0
2007-10-02,35.25,35.25,34.0,34.0,18.292471,0.0
2007-10-03,35.0,35.25,35.0,35.25,18.964989,700.0
2007-10-04,35.0,35.25,26.25,34.5,18.561476,5700.0
2007-10-05,34.0,34.75,33.75,34.75,18.69598,3100.0
2007-10-08,34.5,34.5,34.5,34.5,18.561476,5000.0
2007-10-09,34.75,35.25,34.75,35.25,18.964989,2400.0
2007-10-10,35.5,35.75,35.5,35.5,19.099487,2200.0
2007-10-11,35.5,35.75,35.5,35.75,19.233994,5700.0
2007-10-12,36.0,36.0,36.0,36.0,19.368496,3000.0
2007-10-15,36.0,36.5,36.0,36.5,19.637503,2500.0
2007-10-16,37.0,37.5,36.5,37.5,20.175516,6600.0
2007-10-17,37.0,37.5,35.75,37.0,19.906509,9300.0
2007-10-18,37.0,37.0,36.0,36.0,19.368496,0.0
2007-10-19,35.5,35.5,35.5,35.5,19.099487,100.0
2007-10-22,36.75,36.75,36.75,36.75,19.772007,100.0
2007-10-24,36.75,36.75,36.75,36.75,19.772007,5.0
2007-10-25,36.75,36.75,36.75,36.75,19.772007,1.0
2007-10-26,37.25,37.25,35.75,35.75,19.233994,0.0
2007-10-29,37.75,37.75,37.75,37.75,20.31002,100.0
2007-10-30,35.0,37.25,35.0,37.25,20.041014,600.0
2007-10-31,37.0,37.0,35.25,35.25,18.964989,0.0
2007-11-01,35.25,36.25,35.25,36.25,19.503,1800.0
2007-11-02,35.75,35.75,35.75,35.75,19.233994,400.0
2007-11-05,35.75,36.25,35.75,36.25,19.503,1900.0
2007-11-06,35.25,37.0,35.25,37.0,19.906509,1000.0
2007-11-07,35.75,36.5,35.75,36.5,19.637503,600.0
2007-11-08,37.0,37.0,35.75,35.75,19.233994,0.0
2007-11-09,36.5,37.0,36.5,37.0,19.906509,1200.0
2007-11-12,37.0,43.0,37.0,42.25,22.731083,27600.0
2007-11-13,42.5,44.5,42.5,43.5,23.403601,21000.0
2007-11-14,44.0,44.25,44.0,44.25,23.807112,1300.0
2007-11-15,44.5,45.5,44.5,45.0,24.210625,15000.0
2007-11-16,44.0,45.0,43.5,45.0,24.210625,2200.0
2007-11-19,45.0,45.0,45.0,45.0,24.210625,2200.0
2007-11-20,44.5,44.5,42.5,42.5,22.865587,0.0
2007-11-21,45.0,45.0,45.0,45.0,24.210625,1.0
2007-11-22,44.5,44.5,41.0,41.0,22.058563,0.0
2007-11-23,44.5,44.5,40.25,40.25,21.65505,0.0
2007-11-26,42.0,44.0,42.0,44.0,23.672609,1100.0
2007-11-27,43.75,43.75,40.0,40.0,21.52055,0.0
2007-11-28,44.5,44.5,40.0,40.0,21.52055,0.0
2007-11-29,44.0,44.0,40.0,40.0,21.52055,0.0
2007-11-30,35.5,44.0,35.5,44.0,23.672609,1100.0
2007-12-03,44.0,44.0,40.5,40.5,21.789557,0.0
2007-12-04,43.75,43.75,39.5,39.5,21.251545,0.0
2007-12-06,39.5,43.75,39.5,40.25,21.65505,0.0
2007-12-07,44.0,44.0,36.75,36.75,19.772007,0.0
2007-12-11,36.75,44.0,36.75,40.5,21.789557,0.0
2007-12-12,44.0,44.0,40.5,40.5,21.789557,0.0
2007-12-13,44.0,44.0,40.5,40.5,21.789557,0.0
2007-12-14,43.75,43.75,39.0,39.0,20.98254,0.0
2007-12-17,43.75,43.75,43.75,43.75,23.538103,1000.0
2007-12-18,42.0,44.0,42.0,44.0,23.672609,1100.0
2007-12-19,44.0,44.0,41.0,41.0,22.058563,0.0
2007-12-20,42.0,44.0,42.0,44.0,23.672609,1600.0
2007-12-21,44.0,44.0,43.0,43.0,23.134594,0.0
2007-12-24,43.0,43.0,43.0,43.0,23.134594,0.0
2007-12-25,44.0,44.0,42.0,42.0,22.596577,0.0
2007-12-26,44.0,44.0,44.0,44.0,23.672609,500.0
2007-12-27,44.0,44.0,41.0,41.0,22.058563,0.0
2007-12-28,44.0,45.0,43.5,45.0,24.210625,1800.0
2008-01-02,45.0,46.0,43.0,43.0,23.134594,0.0
2008-01-03,46.0,46.0,42.0,42.0,22.596577,0.0
2008-01-04,45.0,45.0,43.5,43.5,23.403601,0.0
2008-01-07,43.0,43.0,43.0,43.0,23.134594,100.0
2008-01-08,43.0,43.0,43.0,43.0,23.134594,500.0
2008-01-09,46.0,46.0,45.0,45.0,24.210625,2500.0
2008-01-10,43.0,45.0,43.0,45.0,24.210625,1100.0
2008-01-11,45.0,45.0,43.25,43.25,23.269094,0.0
2008-01-14,43.0,43.0,43.0,43.0,23.134594,100.0
2008-01-15,44.75,44.75,43.0,43.0,23.134594,800.0
2008-01-16,42.0,45.0,42.0,45.0,24.210625,700.0
2008-01-17,43.0,44.75,42.75,44.75,24.07612,300.0
2008-01-18,43.0,46.0,42.75,46.0,24.748634,300.0
2008-01-21,44.0,46.0,39.0,46.0,24.748634,3100.0
2008-01-22,42.5,44.25,42.5,44.25,23.807112,200.0
2008-01-23,42.5,44.0,42.5,44.0,23.672609,400.0
2008-01-24,44.75,44.75,42.25,42.25,22.731083,0.0
2008-01-25,46.0,46.0,41.0,41.0,22.058563,0.0
2008-01-28,43.0,43.0,43.0,43.0,23.134594,400.0
2008-01-29,44.75,44.75,43.0,43.0,23.134594,0.0
2008-01-30,43.75,44.0,43.75,44.0,23.672609,600.0
2008-01-31,44.0,44.0,42.0,42.0,22.596577,0.0
2008-02-01,44.0,44.0,42.0,42.0,22.596577,0.0
2008-02-04,43.0,43.0,42.0,43.0,23.134594,1500.0
2008-02-05,43.0,43.0,42.0,42.0,22.596577,0.0
2008-02-06,43.0,43.0,43.0,43.0,23.134594,200.0
2008-02-07,43.0,43.0,43.0,43.0,23.134594,400.0
2008-02-08,42.0,43.0,42.0,42.0,22.596577,1.0
2008-02-11,42.0,43.0,42.0,43.0,23.134594,500.0
2008-02-12,42.0,42.75,42.0,42.75,23.000088,200.0
2008-02-13,42.5,42.75,42.25,42.75,23.000088,1200.0
2008-02-14,42.75,43.75,42.75,43.75,23.538103,800.0
2008-02-15,43.0,43.0,43.0,43.0,23.134594,300.0
2008-02-18,43.5,43.5,42.25,42.25,22.731083,0.0
2008-02-19,42.25,44.0,42.0,44.0,23.672609,2900.0
2008-02-20,43.75,43.75,42.25,42.25,22.731083,0.0
2008-02-22,42.25,43.5,42.25,43.5,23.403601,200.0
2008-02-25,44.75,46.0,44.75,45.0,24.210625,3800.0
2008-02-26,45.0,45.0,45.0,45.0,24.210625,100.0
2008-02-27,44.25,45.5,44.0,45.5,24.479628,400.0
2008-02-28,45.75,47.5,45.75,46.0,24.748634,5200.0
2008-02-29,45.0,46.0,45.0,46.0,24.748634,200.0
2008-03-03,46.5,46.5,46.0,46.0,24.748634,1100.0
2008-03-04,46.0,46.0,46.0,46.0,24.748634,2200.0
2008-03-05,46.0,48.0,46.0,47.5,25.555656,4600.0
2008-03-06,46.5,46.5,45.0,45.75,24.614132,6000.0
2008-03-07,45.25,45.75,45.0,45.0,24.210625,2800.0
2008-03-10,45.75,45.75,44.0,44.0,23.672609,13300.0
2008-03-11,44.5,44.75,43.5,44.0,23.672609,5600.0
2008-03-12,44.0,44.5,43.75,44.5,23.941614,3300.0
2008-03-13,44.0,45.0,44.0,44.25,23.807112,7900.0
2008-03-14,44.0,44.5,43.5,44.5,23.941614,13100.0
2008-03-17,43.5,43.5,41.5,41.75,23.799103,2700.0
2008-03-18,42.0,42.0,42.0,42.0,23.941614,8000.0
2008-03-19,42.0,42.0,42.0,42.0,23.941614,5000.0
2008-03-20,42.0,42.0,41.5,41.75,23.799103,8700.0
2008-03-21,42.0,42.0,42.0,42.0,23.941614,1500.0
2008-03-24,42.0,42.0,41.75,41.75,23.799103,5900.0
2008-03-25,42.0,42.25,42.0,42.25,24.084124,4200.0
2008-03-26,42.25,42.25,42.25,42.25,24.084124,100.0
2008-03-27,43.75,43.75,43.75,43.75,24.939178,1000.0
2008-03-28,42.75,42.75,42.75,42.75,24.369141,100.0
2008-03-31,42.75,42.75,42.75,42.75,24.369141,100.0
2008-04-01,43.5,43.5,43.5,43.5,24.796667,600.0
2008-04-02,42.75,42.75,42.75,42.75,24.369141,1000.0
2008-04-03,43.0,43.0,42.75,42.75,24.369141,1200.0
2008-04-04,42.75,42.75,42.5,42.5,24.226633,8800.0
2008-04-08,42.5,42.75,42.25,42.25,24.084124,0.0
2008-04-09,42.75,42.75,42.25,42.25,24.084124,15000.0
2008-04-10,42.5,42.75,42.5,42.5,24.226633,16100.0
2008-04-11,42.5,42.75,42.5,42.75,24.369141,7700.0
2008-04-16,42.75,42.75,42.5,42.5,24.226633,4200.0
2008-04-17,42.5,42.5,42.5,42.5,24.226633,400.0
2008-04-18,42.75,42.75,42.5,42.5,24.226633,500.0
2008-04-21,43.25,43.25,43.0,43.0,24.511654,1200.0
2008-04-22,43.0,43.25,43.0,43.25,24.65416,5600.0
2008-04-23,43.0,43.25,43.0,43.25,24.65416,900.0
2008-04-24,43.75,43.75,43.75,43.75,24.939178,1000.0
2008-04-25,43.25,43.25,43.25,43.25,24.65416,500.0
2008-04-28,43.25,43.25,42.75,42.75,24.369141,9600.0
2008-04-29,43.0,43.0,42.75,42.75,24.369141,2900.0
2008-04-30,42.75,44.0,42.75,42.75,24.369141,0.0
2008-05-02,42.75,44.0,42.75,44.0,25.081694,900.0
2008-05-06,44.0,44.0,44.0,44.0,25.081694,100.0
2008-05-07,44.0,44.0,44.0,44.0,25.081694,900.0
2008-05-08,43.5,43.5,43.5,43.5,24.796667,700.0
2008-05-09,43.25,43.5,43.0,43.0,24.511654,10000.0
2008-05-12,43.0,44.0,43.0,43.5,24.796667,13200.0
2008-05-13,43.25,44.5,43.25,43.25,24.65416,0.0
2008-05-14,43.0,45.0,43.0,44.0,25.081694,9900.0
2008-05-15,44.25,45.0,44.0,44.0,25.081694,32300.0
2008-05-16,44.0,44.0,43.25,43.5,24.796667,18300.0
2008-05-20,43.5,43.5,43.5,43.5,24.796667,1000.0
2008-05-21,43.5,43.5,43.5,43.5,24.796667,900.0
2008-05-22,43.5,44.0,43.5,44.0,25.081694,2500.0
2008-05-23,44.5,44.5,44.5,44.5,25.366711,7800.0
2008-05-26,44.0,44.0,44.0,44.0,25.081694,3500.0
2008-05-27,44.5,45.0,44.5,45.0,25.65173,2700.0
2008-05-28,44.5,44.5,44.5,44.5,25.366711,2600.0
2008-05-29,44.5,45.5,44.5,44.5,25.366711,0.0
2008-05-30,44.5,45.5,44.5,44.5,25.366711,0.0
2008-06-02,44.5,44.5,44.5,44.5,25.366711,2200.0
2008-06-03,44.75,44.75,44.75,44.75,25.50922,600.0
2008-06-04,44.75,44.75,44.75,44.75,25.50922,1000.0
2008-06-05,45.0,45.0,45.0,45.0,25.65173,100.0
2008-06-06,43.0,46.75,43.0,43.0,24.511654,0.0
2008-06-09,45.0,46.0,45.0,45.0,25.65173,0.0
2008-06-10,45.0,45.0,45.0,45.0,25.65173,2500.0
2008-06-11,45.5,45.5,45.0,45.0,25.65173,8200.0
2008-06-12,45.0,45.0,45.0,45.0,25.65173,1000.0
2008-06-13,45.0,45.0,45.0,45.0,25.65173,4000.0
2008-06-16,45.0,45.0,45.0,45.0,25.65173,5700.0
2008-06-17,45.0,45.0,45.0,45.0,25.65173,1200.0
2008-06-18,44.0,44.75,44.0,44.75,25.50922,1300.0
2008-06-19,44.0,46.0,43.25,46.0,26.221771,5000.0
2008-06-20,43.5,43.5,43.5,43.5,24.796667,6500.0
2008-06-23,43.5,43.5,43.5,43.5,24.796667,400.0
2008-06-24,43.5,45.25,43.5,43.5,24.796667,0.0
2008-06-25,43.75,46.25,43.75,43.75,24.939178,0.0
2008-06-26,45.0,45.0,44.75,44.75,25.50922,1300.0
2008-06-27,44.0,45.0,44.0,44.0,25.081694,0.0
2008-06-30,43.5,45.75,43.5,43.5,24.796667,0.0
2008-07-02,43.5,46.5,43.5,44.0,25.081694,1700.0
2008-07-03,44.0,44.0,44.0,44.0,25.081694,1900.0
2008-07-04,43.5,45.0,43.5,43.5,24.796667,0.0
2008-07-07,43.25,44.5,43.25,43.25,24.65416,0.0
2008-07-08,43.5,44.5,43.5,43.5,24.796667,0.0
2008-07-09,43.5,45.0,43.5,43.5,24.796667,0.0
2008-07-10,43.5,47.0,43.5,43.5,24.796667,4100.0
2008-07-11,43.25,45.5,43.25,43.25,24.65416,0.0
2008-07-14,43.5,45.0,43.5,43.5,24.796667,0.0
2008-07-15,43.25,43.25,43.25,43.25,24.65416,2000.0
2008-07-16,43.25,43.25,43.0,43.0,24.511654,1400.0
2008-07-18,43.0,43.5,43.0,43.5,24.796667,1000.0
2008-07-21,34.0,43.5,34.0,43.5,24.796667,25.0
2008-07-22,42.75,44.0,42.75,42.75,24.369141,0.0
2008-07-23,43.5,43.5,43.5,43.5,24.796667,1000.0
2008-07-24,44.0,44.0,44.0,44.0,25.081694,600.0
2008-07-25,46.0,46.0,44.0,44.0,25.081694,400.0
2008-07-28,44.0,44.0,44.0,44.0,25.081694,10000.0
2008-07-29,43.5,45.5,43.5,43.5,24.796667,0.0
2008-07-30,43.25,45.0,43.25,43.25,24.65416,0.0
2008-07-31,43.0,45.0,43.0,43.0,24.511654,0.0
2008-08-01,43.0,44.5,43.0,43.0,24.511654,0.0
2008-08-04,43.0,43.0,43.0,43.0,24.511654,200.0
2008-08-05,44.0,44.0,44.0,44.0,25.081694,400.0
2008-08-06,43.25,44.0,43.25,43.25,24.65416,0.0
2008-08-07,43.25,43.25,43.25,43.25,24.65416,500.0
2008-08-08,43.25,43.25,43.25,43.25,24.65416,500.0
2008-08-11,43.5,44.5,43.5,44.5,25.366711,1100.0
2008-08-13,44.5,49.5,44.5,48.5,27.646864,20400.0
2008-08-14,47.75,48.5,47.75,48.5,27.646864,3100.0
2008-08-15,46.25,48.5,46.25,46.25,26.364281,0.0
2008-08-18,48.5,48.5,48.5,48.5,27.646864,1000.0
2008-08-19,46.5,46.5,46.5,46.5,26.506786,1900.0
2008-08-20,47.0,47.0,47.0,47.0,26.791807,200.0
2008-08-21,46.5,46.5,46.5,46.5,26.506786,2000.0
2008-08-22,46.5,46.5,46.5,46.5,26.506786,1200.0
2008-08-25,46.25,47.25,46.25,46.25,26.364281,0.0
2008-08-26,46.5,46.75,46.5,46.5,26.506786,2800.0
2008-08-27,46.5,46.75,46.5,46.5,26.506786,2000.0
2008-08-28,47.0,60.0,47.0,60.0,34.202301,1100.0
2008-08-29,47.25,47.25,47.25,47.25,26.934319,100.0
2008-09-01,46.25,51.5,46.25,51.5,30.654526,1200.0
2008-09-02,50.0,50.0,49.75,50.0,29.761675,700.0
2008-09-03,46.0,50.5,46.0,50.5,30.059294,300.0
2008-09-04,46.5,46.5,46.5,46.5,27.678354,100.0
2008-09-05,47.5,48.0,47.5,48.0,28.571211,800.0
2008-09-08,46.5,46.5,45.25,45.25,26.934319,2700.0
2008-09-09,46.5,46.75,46.5,46.75,27.827166,900.0
2008-09-10,46.5,46.5,46.5,46.5,27.678354,500.0
2008-09-11,46.5,46.5,46.5,46.5,27.678354,800.0
2008-09-12,46.25,54.0,46.25,46.25,27.529554,0.0
2008-09-15,46.25,54.0,46.25,46.25,27.529554,0.0
2008-09-16,46.5,46.5,46.5,46.5,27.678354,1200.0
2008-09-17,46.5,46.5,46.5,46.5,27.678354,1100.0
2008-09-18,46.5,46.5,46.0,46.0,27.380739,3700.0
2008-09-19,46.25,48.0,46.25,46.25,27.529554,0.0
2008-09-22,46.5,46.5,46.5,46.5,27.678354,200.0
2008-09-23,48.0,48.0,47.0,47.0,27.975973,400.0
2008-09-24,47.25,47.25,47.25,47.25,28.124783,100.0
2008-09-25,46.5,48.5,46.5,46.5,27.678354,0.0
2008-09-26,48.0,48.0,48.0,48.0,28.571211,500.0
2008-09-29,46.5,49.0,46.5,46.5,27.678354,0.0
2008-09-30,46.25,46.25,46.0,46.0,27.380739,2300.0
2008-10-01,46.0,57.0,46.0,46.0,27.380739,0.0
2008-10-02,46.0,47.0,46.0,47.0,27.975973,800.0
2008-10-03,46.0,48.75,46.0,46.0,27.380739,0.0
2008-10-06,46.0,46.0,45.5,45.5,27.083126,3400.0
2008-10-07,46.0,46.5,45.0,46.5,27.678354,2700.0
2008-10-08,47.0,47.0,43.0,43.0,25.595043,1300.0
2008-10-09,46.0,46.0,46.0,46.0,27.380739,600.0
2008-10-10,44.0,44.0,41.0,41.0,24.404572,6300.0
2008-10-13,44.0,44.0,41.5,44.0,26.190273,8900.0
2008-10-14,44.0,44.0,44.0,44.0,26.190273,100.0
2008-10-15,46.5,46.5,43.0,43.0,25.595043,1600.0
2008-10-16,42.25,44.0,42.25,44.0,26.190273,200.0
2008-10-17,42.0,45.0,42.0,42.0,24.999809,0.0
2008-10-20,43.5,45.5,43.5,43.5,25.892654,0.0
2008-10-21,44.0,44.0,43.5,43.5,25.892654,300.0
2008-10-22,42.75,44.0,42.75,42.75,25.446232,0.0
2008-10-24,42.75,43.0,41.0,41.0,24.404572,7600.0
2008-10-27,41.0,41.0,38.75,38.75,23.065296,4900.0
2008-10-28,38.5,38.5,38.5,38.5,22.916487,3400.0
2008-10-29,39.0,42.5,39.0,39.0,23.214106,0.0
2008-10-30,42.0,42.0,42.0,42.0,24.999809,200.0
2008-10-31,41.5,41.5,41.5,41.5,24.702188,100.0
2008-11-03,42.0,42.0,42.0,42.0,24.999809,200.0
2008-11-04,39.5,39.5,39.0,39.0,23.214106,200.0
2008-11-05,42.0,42.0,42.0,42.0,24.999809,500.0
2008-11-06,41.0,41.0,39.5,40.0,23.809338,1000.0
2008-11-07,40.0,41.75,40.0,40.0,23.809338,0.0
2008-11-10,41.0,41.0,41.0,41.0,24.404572,2000.0
2008-11-11,41.0,41.5,41.0,41.5,24.702188,1100.0
2008-11-12,41.5,41.5,41.5,41.5,24.702188,900.0
2008-11-13,41.0,41.0,41.0,41.0,24.404572,1100.0
2008-11-14,42.0,42.0,42.0,42.0,24.999809,400.0
2008-11-17,43.0,43.0,43.0,43.0,25.595043,100.0
2008-11-18,41.0,41.0,40.5,40.5,24.106955,800.0
2008-11-19,40.0,41.5,40.0,40.0,23.809338,0.0
2008-11-20,40.5,40.5,40.5,40.5,24.106955,100.0
2008-11-21,41.0,41.0,41.0,41.0,24.404572,1200.0
2008-11-24,40.0,40.0,40.0,40.0,23.809338,100.0
2008-11-25,40.0,41.75,40.0,40.0,23.809338,0.0
2008-11-26,40.0,40.0,40.0,40.0,23.809338,4000.0
2008-11-27,40.0,41.0,40.0,40.0,23.809338,0.0
2008-11-28,40.0,41.5,40.0,40.0,23.809338,0.0
2008-12-01,40.0,40.0,39.5,39.5,23.511723,600.0
2008-12-02,39.25,40.0,39.25,40.0,23.809338,1100.0
2008-12-03,39.25,39.25,39.25,39.25,23.362919,100.0
2008-12-04,39.25,39.25,39.25,39.25,23.362919,0.0
2008-12-08,39.5,39.5,39.25,39.25,23.362919,0.0
2008-12-09,39.25,39.25,39.25,39.25,23.362919,0.0
2008-12-11,39.25,39.25,39.25,39.25,23.362919,800.0
2008-12-12,39.25,39.25,39.25,39.25,23.362919,0.0
2008-12-15,40.0,40.0,40.0,40.0,23.809338,1000.0
2008-12-16,40.0,40.0,40.0,40.0,23.809338,0.0
2008-12-17,40.0,40.0,40.0,40.0,23.809338,0.0
2008-12-18,40.0,40.0,40.0,40.0,23.809338,0.0
2008-12-19,40.0,40.0,40.0,40.0,23.809338,0.0
2008-12-22,40.0,40.0,40.0,40.0,23.809338,0.0
2008-12-23,40.0,40.0,40.0,40.0,23.809338,0.0
2008-12-24,40.0,40.0,40.0,40.0,23.809338,0.0
2008-12-25,40.0,40.0,40.0,40.0,23.809338,0.0
2008-12-26,40.0,40.0,40.0,40.0,23.809338,0.0
2008-12-29,41.5,41.5,41.0,41.0,24.404572,200.0
2008-12-30,40.0,40.0,39.5,39.5,23.511723,400.0
2009-01-02,39.5,39.5,39.5,39.5,23.511723,0.0
2009-01-05,39.75,39.75,39.75,39.75,23.66053,100.0
2009-01-06,40.0,40.0,40.0,40.0,23.809338,500.0
2009-01-07,42.0,42.0,40.0,40.75,24.255764,700.0
2009-01-08,40.75,40.75,40.75,40.75,24.255764,0.0
2009-01-09,40.75,40.75,40.75,40.75,24.255764,0.0
2009-01-12,,,,,,
2009-01-13,42.0,42.0,42.0,42.0,24.999809,100.0
2009-01-14,42.0,42.0,42.0,42.0,24.999809,0.0
2009-01-15,42.0,42.0,42.0,42.0,24.999809,0.0
2009-01-16,42.0,42.0,42.0,42.0,24.999809,0.0
2009-01-19,42.0,42.0,42.0,42.0,24.999809,0.0
2009-01-20,41.0,41.0,40.0,40.0,23.809338,300.0
2009-01-21,40.0,40.0,40.0,40.0,23.809338,0.0
2009-01-22,40.0,40.0,40.0,40.0,23.809338,200.0
2009-01-23,40.0,42.75,40.0,40.0,23.809338,0.0
2009-01-26,40.0,40.0,40.0,40.0,23.809338,0.0
2009-01-27,40.0,40.0,40.0,40.0,23.809338,0.0
2009-01-28,42.5,42.5,42.5,42.5,25.297426,100.0
2009-01-29,42.5,42.5,42.5,42.5,25.297426,0.0
2009-01-30,42.5,42.5,42.5,42.5,25.297426,0.0
2009-02-02,42.5,42.5,42.5,42.5,25.297426,0.0
2009-02-03,42.5,42.5,42.5,42.5,25.297426,0.0
2009-02-04,42.5,42.5,42.5,42.5,25.297426,0.0
2009-02-05,42.75,42.75,42.75,42.75,25.446232,100.0
2009-02-06,42.75,42.75,42.75,42.75,25.446232,0.0
2009-02-10,40.75,42.75,40.75,42.75,25.446232,0.0
2009-02-11,42.75,42.75,42.75,42.75,25.446232,0.0
2009-02-12,42.75,42.75,42.75,42.75,25.446232,0.0
2009-02-13,42.75,42.75,42.75,42.75,25.446232,0.0
2009-02-16,42.75,42.75,42.75,42.75,25.446232,0.0
2009-02-17,42.0,42.0,42.0,42.0,24.999809,2200.0
2009-02-18,42.0,42.5,42.0,42.5,25.297426,1600.0
2009-02-19,42.5,42.75,42.5,42.75,25.446232,3500.0
2009-02-20,43.0,43.25,43.0,43.25,25.743845,3500.0
2009-02-23,43.5,44.0,43.5,44.0,26.190273,800.0
2009-02-24,45.0,45.5,45.0,45.5,27.083126,1300.0
2009-02-25,45.5,45.5,45.5,45.5,27.083126,0.0
2009-02-26,45.5,45.5,45.5,45.5,27.083126,0.0
2009-02-27,45.5,45.5,45.5,45.5,27.083126,0.0
2009-03-02,45.5,45.5,45.5,45.5,27.083126,0.0
2009-03-03,45.5,45.5,45.5,45.5,27.083126,0.0
2009-03-04,45.5,45.5,45.5,45.5,27.083126,0.0
2009-03-05,45.5,45.5,45.5,45.5,27.083126,0.0
2009-03-06,45.0,45.0,45.0,45.0,26.785507,300.0
2009-03-09,45.0,45.0,45.0,45.0,26.785507,0.0
2009-03-10,44.75,44.75,44.75,44.75,26.6367,100.0
2009-03-11,44.75,44.75,44.75,44.75,26.6367,0.0
2009-03-12,44.5,44.5,44.5,44.5,26.487892,1100.0
2009-03-13,45.0,45.0,44.5,44.5,26.487892,4900.0
2009-03-16,42.75,42.75,42.0,42.0,26.487892,5800.0
2009-03-17,42.0,42.0,42.0,42.0,26.487892,9000.0
2009-03-18,42.0,42.0,42.0,42.0,26.487892,10000.0
2009-03-19,42.0,42.0,42.0,42.0,26.487892,100.0
2009-03-20,42.0,42.0,42.0,42.0,26.487892,1100.0
2009-03-23,42.0,42.0,41.5,41.5,26.172562,16000.0
2009-03-24,42.5,42.5,42.0,42.0,26.487892,200.0
2009-03-25,42.0,42.0,42.0,42.0,26.487892,4100.0
2009-03-26,41.5,42.0,41.5,42.0,26.487892,4800.0
2009-03-27,41.5,42.0,41.5,42.0,26.487892,3000.0
2009-03-30,41.75,41.75,41.5,41.5,26.172562,4200.0
2009-03-31,41.5,41.5,41.5,41.5,26.172562,0.0
2009-04-01,41.5,41.5,41.5,41.5,26.172562,0.0
2009-04-02,41.5,41.5,41.5,41.5,26.172562,0.0
2009-04-03,41.5,41.5,41.5,41.5,26.172562,0.0
2009-04-07,41.5,41.5,41.5,41.5,26.172562,0.0
2009-04-08,41.5,41.5,41.5,41.5,26.172562,0.0
2009-04-09,41.5,41.5,41.5,41.5,26.172562,0.0
2009-04-10,41.5,41.5,41.5,41.5,26.172562,1000.0
2009-04-16,41.5,42.0,41.5,42.0,26.487892,1100.0
2009-04-17,42.5,42.75,42.5,42.75,26.960886,500.0
2009-04-20,43.0,43.0,43.0,43.0,27.118561,2100.0
2009-04-21,43.5,43.5,43.5,43.5,27.433884,3000.0
2009-04-22,41.25,41.25,41.25,41.25,26.014894,600.0
2009-04-23,42.0,42.0,42.0,42.0,26.487892,100.0
2009-04-24,44.0,44.0,44.0,44.0,27.749218,500.0
2009-04-27,43.0,43.0,43.0,43.0,27.118561,100.0
2009-04-28,44.5,44.5,44.5,44.5,28.06455,400.0
2009-04-29,45.0,45.0,45.0,45.0,28.379881,100.0
2009-04-30,45.0,45.0,45.0,45.0,28.379881,200.0
2009-05-04,45.0,45.5,45.0,45.5,28.695213,400.0
2009-05-06,45.5,45.5,44.5,44.5,28.06455,700.0
2009-05-07,45.5,45.5,45.5,45.5,28.695213,1700.0
2009-05-11,45.5,45.5,45.0,45.0,28.379881,1100.0
2009-05-12,45.0,45.0,44.0,45.0,28.379881,300.0
2009-05-13,45.0,45.0,45.0,45.0,28.379881,800.0
2009-05-14,44.0,44.0,42.0,42.5,26.803219,4000.0
2009-05-15,44.0,44.0,44.0,44.0,27.749218,600.0
2009-05-18,44.0,44.0,44.0,44.0,27.749218,200.0
2009-05-19,44.0,44.0,43.0,43.0,27.118561,1200.0
2009-05-20,43.0,43.0,43.0,43.0,27.118561,0.0
2009-05-21,42.5,42.5,42.5,42.5,26.803219,200.0
2009-05-22,43.0,43.0,41.25,41.25,26.014894,9300.0
2009-05-25,43.0,43.0,43.0,43.0,27.118561,1600.0
2009-05-26,43.5,43.5,43.5,43.5,27.433884,100.0
2009-05-27,43.5,43.5,43.5,43.5,27.433884,0.0
2009-05-28,43.5,43.5,43.5,43.5,27.433884,0.0
2009-05-29,42.5,42.5,42.5,42.5,26.803219,500.0
2009-06-01,42.5,42.5,42.5,42.5,26.803219,2000.0
2009-06-02,42.5,42.5,42.5,42.5,26.803219,0.0
2009-06-03,42.5,42.5,42.5,42.5,26.803219,0.0
2009-06-04,42.5,42.5,42.5,42.5,26.803219,0.0
2009-06-05,42.5,42.5,42.5,42.5,26.803219,0.0
2009-06-08,43.5,43.5,43.5,43.5,27.433884,1000.0
2009-06-09,43.0,43.0,43.0,43.0,27.118561,100.0
2009-06-10,42.5,42.5,42.5,42.5,26.803219,1600.0
2009-06-11,43.75,43.75,43.75,43.75,27.591555,200.0
2009-06-12,43.75,43.75,43.75,43.75,27.591555,0.0
2009-06-15,43.75,43.75,43.75,43.75,27.591555,900.0
2009-06-16,43.75,43.75,43.75,43.75,27.591555,0.0
2009-06-17,43.75,43.75,43.75,43.75,27.591555,0.0
2009-06-18,43.75,43.75,43.75,43.75,27.591555,0.0
2009-06-19,43.75,43.75,43.75,43.75,27.591555,0.0
2009-06-22,43.75,43.75,43.75,43.75,27.591555,0.0
2009-06-23,43.75,43.75,43.75,43.75,27.591555,0.0
2009-06-24,43.75,43.75,43.75,43.75,27.591555,0.0
2009-06-25,44.25,45.0,44.25,45.0,28.379881,300.0
2009-06-26,45.0,45.0,45.0,45.0,28.379881,0.0
2009-06-29,45.0,45.0,43.5,43.5,27.433884,2100.0
2009-06-30,43.5,43.5,43.5,43.5,27.433884,0.0
2009-07-02,43.5,44.0,43.5,44.0,27.749218,10100.0
2009-07-03,44.75,44.75,44.75,44.75,28.222219,400.0
2009-07-06,44.75,44.75,44.75,44.75,28.222219,0.0
2009-07-08,44.75,45.0,44.75,45.0,28.379881,600.0
2009-07-09,44.75,44.75,44.75,44.75,28.222219,200.0
2009-07-10,45.0,45.0,44.0,45.0,28.379881,2000.0
2009-07-13,45.0,45.0,45.0,45.0,28.379881,0.0
2009-07-14,45.0,45.0,45.0,45.0,28.379881,200.0
2009-07-15,45.0,45.0,45.0,45.0,28.379881,3100.0
2009-07-16,45.0,45.0,45.0,45.0,28.379881,300.0
2009-07-17,45.25,45.25,45.25,45.25,28.537546,100.0
2009-07-20,45.25,45.25,45.25,45.25,28.537546,1300.0
2009-07-21,45.25,45.25,45.25,45.25,28.537546,0.0
2009-07-22,45.25,45.25,42.25,42.25,26.645559,6400.0
2009-07-23,42.25,42.25,42.25,42.25,26.645559,0.0
2009-07-24,45.0,45.0,44.5,44.5,28.06455,1300.0
2009-07-27,45.0,45.5,45.0,45.0,28.379881,6500.0
2009-07-28,45.0,45.0,44.5,45.0,28.379881,1600.0
2009-07-29,45.0,45.0,44.5,44.75,28.222219,3300.0
2009-07-30,45.0,45.0,45.0,45.0,28.379881,700.0
2009-07-31,45.0,45.0,45.0,45.0,28.379881,2000.0
2009-08-03,45.5,45.5,44.75,44.75,28.222219,2100.0
2009-08-04,44.5,44.5,43.5,43.5,27.433884,5700.0
2009-08-05,43.5,43.5,43.5,43.5,27.433884,2600.0
2009-08-06,43.5,45.5,43.5,43.5,27.433884,2000.0
2009-08-07,43.5,43.5,43.5,43.5,27.433884,0.0
2009-08-10,43.5,43.5,43.5,43.5,27.433884,0.0
2009-08-11,43.5,43.5,43.5,43.5,27.433884,0.0
2009-08-13,43.5,46.0,43.5,45.5,28.695213,4500.0
2009-08-14,45.5,45.5,45.5,45.5,28.695213,0.0
2009-08-17,45.0,45.0,45.0,45.0,28.379881,3100.0
2009-08-18,45.0,45.0,45.0,45.0,28.379881,3200.0
2009-08-19,45.0,45.0,44.5,45.0,28.379881,1500.0
2009-08-20,45.0,45.0,44.5,45.0,28.379881,5800.0
2009-08-21,45.0,45.0,45.0,45.0,28.379881,500.0
2009-08-24,44.5,44.5,44.5,44.5,28.06455,100.0
2009-08-25,45.0,45.0,44.5,45.0,28.379881,10100.0
2009-08-26,44.5,45.0,44.5,45.0,28.379881,13600.0
2009-08-27,45.0,45.0,45.0,45.0,28.379881,7000.0
2009-08-28,45.0,45.0,45.0,45.0,28.379881,8100.0
2009-08-31,45.0,45.25,45.0,45.25,28.537546,6000.0
2009-09-01,45.25,45.25,45.25,45.25,28.537546,6700.0
2009-09-02,45.25,46.0,45.25,46.0,29.010548,5400.0
2009-09-03,46.0,46.0,46.0,46.0,29.010548,0.0
2009-09-04,46.75,47.5,46.75,47.5,29.956539,300.0
2009-09-07,47.5,48.0,47.5,48.0,30.271872,5800.0
2009-09-08,47.5,48.75,47.5,48.75,30.744871,3300.0
2009-09-09,51.0,51.0,48.75,49.0,30.90254,19900.0
2009-09-10,49.0,50.0,49.0,49.0,30.90254,16300.0
2009-09-11,50.25,50.25,49.25,49.75,31.37553,14100.0
2009-09-14,47.25,47.25,46.75,46.75,30.718456,7000.0
2009-09-15,46.75,47.0,46.5,47.0,30.882729,2500.0
2009-09-16,46.75,47.5,46.75,47.5,31.211273,1200.0
2009-09-17,47.0,47.0,46.75,46.75,30.718456,900.0
2009-09-18,46.75,46.75,46.5,46.5,30.554186,1700.0
2009-09-21,46.5,47.25,46.5,47.25,31.046995,1300.0
2009-09-22,47.0,47.0,46.25,46.25,30.389917,2100.0
2009-09-23,46.25,46.25,46.25,46.25,30.389917,0.0
2009-09-24,46.5,46.5,46.25,46.5,30.554186,2400.0
2009-09-25,46.75,47.0,46.75,47.0,30.882729,5000.0
2009-09-28,47.5,47.75,47.0,47.75,31.37553,4700.0
2009-09-29,47.75,47.75,47.75,47.75,31.37553,300.0
2009-09-30,47.75,47.75,47.75,47.75,31.37553,0.0
2009-10-01,47.5,47.75,47.5,47.75,31.37553,13300.0
2009-10-02,47.75,47.75,47.75,47.75,31.37553,3000.0
2009-10-05,47.0,47.0,47.0,47.0,30.882729,3400.0
2009-10-06,47.0,47.0,47.0,47.0,30.882729,0.0
2009-10-07,48.0,48.0,48.0,48.0,31.539812,500.0
2009-10-08,48.0,48.0,48.0,48.0,31.539812,600.0
2009-10-09,47.75,47.75,47.5,47.5,31.211273,1200.0
2009-10-12,47.5,47.5,47.5,47.5,31.211273,0.0
2009-10-13,48.0,48.0,47.0,47.0,30.882729,7200.0
2009-10-14,47.0,47.0,46.75,46.75,30.718456,1700.0
2009-10-15,47.0,47.0,46.5,46.5,30.554186,1500.0
2009-10-16,48.0,48.0,48.0,48.0,31.539812,100.0
2009-10-19,47.0,47.0,47.0,47.0,30.882729,100.0
2009-10-20,47.0,47.0,47.0,47.0,30.882729,100.0
2009-10-21,48.25,48.25,48.25,48.25,31.704073,8500.0
2009-10-22,47.0,47.0,47.0,47.0,30.882729,3000.0
2009-10-26,47.0,47.0,47.0,47.0,30.882729,0.0
2009-10-27,48.0,48.25,48.0,48.25,31.704073,1400.0
2009-10-28,48.25,48.25,48.25,48.25,31.704073,0.0
2009-10-29,48.0,48.0,47.25,47.25,31.046995,1000.0
2009-10-30,48.0,48.0,48.0,48.0,31.539812,1000.0
2009-11-02,48.0,48.0,48.0,48.0,31.539812,0.0
2009-11-03,47.0,47.0,46.0,46.0,30.225649,1100.0
2009-11-04,47.75,47.75,46.25,46.25,30.389917,1500.0
2009-11-05,47.75,47.75,47.75,47.75,31.37553,2400.0
2009-11-06,47.75,47.75,47.75,47.75,31.37553,0.0
2009-11-09,48.75,48.75,48.75,48.75,32.032616,100.0
2009-11-10,48.5,48.5,48.5,48.5,31.868347,100.0
2009-11-11,48.5,49.5,48.5,49.5,32.525429,9400.0
2009-11-12,49.25,49.25,48.25,48.25,31.704073,3700.0
2009-11-13,48.75,48.75,48.75,48.75,32.032616,200.0
2009-11-16,48.25,48.25,48.0,48.25,31.704073,2100.0
2009-11-17,48.5,49.0,48.5,49.0,32.196888,7800.0
2009-11-18,49.5,50.0,49.5,50.0,32.853958,1300.0
2009-11-19,50.0,50.0,50.0,50.0,32.853958,0.0
2009-11-20,51.0,51.0,49.5,49.5,32.525429,800.0
2009-11-23,49.25,50.0,48.25,50.0,32.853958,1900.0
2009-11-24,49.0,50.0,49.0,50.0,32.853958,4100.0
2009-11-25,50.0,50.0,50.0,50.0,32.853958,700.0
2009-11-26,50.75,50.75,50.0,50.0,32.853958,1000.0
2009-11-27,50.0,50.0,50.0,50.0,32.853958,1000.0
2009-11-30,50.0,50.0,49.0,49.0,32.196888,4500.0
2009-12-01,49.0,49.0,48.0,48.0,31.539812,3000.0
2009-12-02,49.0,49.0,46.5,46.5,30.554186,3900.0
2009-12-03,48.0,48.0,46.5,46.5,30.554186,12400.0
2009-12-04,47.5,49.0,47.5,49.0,32.196888,300.0
2009-12-08,49.0,49.0,47.5,47.5,31.211273,100.0
2009-12-09,48.0,49.5,47.0,48.0,31.539812,5700.0
2009-12-11,48.0,49.5,48.0,49.5,32.525429,700.0
2009-12-14,49.5,49.5,49.5,49.5,32.525429,0.0
2009-12-15,49.5,49.5,49.5,49.5,32.525429,200.0
2009-12-16,49.5,49.5,49.5,49.5,32.525429,200.0
2009-12-17,49.5,49.5,49.25,49.25,32.361153,700.0
2009-12-18,49.25,49.25,49.25,49.25,32.361153,1000.0
2009-12-21,49.5,49.5,49.0,49.0,32.196888,1200.0
2009-12-22,49.5,49.5,49.25,49.25,32.361153,2600.0
2009-12-23,49.25,49.25,49.25,49.25,32.361153,0.0
2009-12-24,49.75,49.75,49.5,49.5,32.525429,1000.0
2009-12-25,49.5,49.5,49.5,49.5,32.525429,0.0
2009-12-28,49.5,49.5,49.5,49.5,32.525429,200.0
2009-12-29,50.0,52.0,49.5,52.0,34.168121,4000.0
2009-12-30,52.0,52.0,52.0,52.0,34.168121,0.0
2010-01-04,52.0,52.0,52.0,52.0,34.168121,0.0
2010-01-05,52.0,52.0,52.0,52.0,34.168121,100.0
2010-01-06,52.0,52.0,52.0,52.0,34.168121,0.0
2010-01-07,52.0,52.0,52.0,52.0,34.168121,0.0
2010-01-08,52.0,52.0,52.0,52.0,34.168121,0.0
2010-01-11,52.0,52.0,52.0,52.0,34.168121,900.0
2010-01-12,52.0,52.0,52.0,52.0,34.168121,1200.0
2010-01-13,50.5,53.0,50.5,50.5,33.18251,0.0
2010-01-14,50.5,52.0,50.5,50.5,33.18251,0.0
2010-01-15,51.0,51.0,51.0,51.0,33.51104,100.0
2010-01-18,51.5,51.75,51.5,51.75,34.003853,600.0
2010-01-19,52.0,52.0,51.75,51.75,34.003853,800.0
2010-01-20,51.5,51.5,51.5,51.5,33.839588,1000.0
2010-01-21,51.0,51.75,51.0,51.0,33.51104,0.0
2010-01-22,51.0,51.0,51.0,51.0,33.51104,1000.0
2010-01-25,50.0,51.75,50.0,50.0,32.853958,0.0
2010-01-26,50.0,55.0,50.0,50.0,32.853958,0.0
2010-01-27,51.5,51.5,51.0,51.0,33.51104,700.0
2010-01-28,50.5,50.5,50.5,50.5,33.18251,500.0
2010-01-29,50.5,50.5,50.5,50.5,33.18251,200.0
2010-02-01,52.0,52.0,50.25,50.25,33.018234,1200.0
2010-02-02,,,,,,
2010-02-03,49.5,51.0,49.5,49.5,32.525429,0.0
2010-02-04,49.75,52.0,49.75,49.75,32.689697,0.0
2010-02-05,49.25,51.5,49.25,49.25,32.361153,0.0
2010-02-08,50.0,53.0,50.0,50.0,32.853958,0.0
2010-02-09,50.0,51.0,50.0,50.0,32.853958,0.0
2010-02-10,51.0,51.0,50.5,51.0,33.51104,2100.0
2010-02-11,51.0,51.0,51.0,51.0,33.51104,1500.0
2010-02-12,52.0,52.0,51.0,51.0,33.51104,600.0
2010-02-15,50.25,51.0,50.25,50.25,33.018234,0.0
2010-02-16,50.5,50.5,50.5,50.5,33.18251,500.0
2010-02-17,51.0,51.0,50.25,50.25,33.018234,1900.0
2010-02-18,50.0,50.0,50.0,50.0,32.853958,2500.0
2010-02-19,51.5,53.0,51.5,51.5,33.839588,1100.0
2010-02-22,50.5,52.0,50.5,50.5,33.18251,0.0
2010-02-23,52.0,52.0,50.5,50.5,33.18251,1100.0
2010-02-24,51.75,53.0,51.75,52.0,34.168121,3200.0
2010-02-25,52.0,57.0,52.0,57.0,37.453518,30000.0
2010-02-26,56.0,56.0,54.5,54.5,35.810825,1300.0
2010-03-02,54.5,54.5,54.0,54.0,35.482285,3300.0
2010-03-03,54.5,54.5,54.25,54.5,35.810825,2500.0
2010-03-04,53.5,54.0,53.5,53.5,35.153744,0.0
2010-03-05,56.0,56.0,54.0,54.0,35.482285,1400.0
2010-03-08,54.0,56.0,54.0,55.0,36.139362,4500.0
2010-03-09,54.0,55.0,54.0,55.0,36.139362,3300.0
2010-03-10,55.0,56.0,55.0,56.0,36.796436,1500.0
2010-03-11,56.0,56.25,55.5,56.0,36.796436,4700.0
2010-03-12,56.0,57.0,55.75,57.0,37.453518,9400.0
2010-03-15,57.0,57.0,57.0,57.0,37.453518,4200.0
2010-03-16,54.5,54.5,54.25,54.5,37.453518,2300.0
2010-03-17,54.5,54.5,54.5,54.5,37.453518,300.0
2010-03-18,52.0,57.5,52.0,52.0,35.73547,0.0
2010-03-19,56.0,56.0,54.5,54.5,37.453518,900.0
2010-03-22,52.5,56.0,52.5,52.5,36.079079,0.0
2010-03-23,55.0,55.0,55.0,55.0,37.797134,500.0
2010-03-24,55.0,55.0,54.5,54.5,37.453518,1500.0
2010-03-25,53.0,53.0,52.5,53.0,36.422688,1000.0
2010-03-26,54.0,54.0,54.0,54.0,37.109913,1000.0
2010-03-29,52.5,54.0,52.5,52.5,36.079079,0.0
2010-03-30,53.0,53.0,53.0,53.0,36.422688,500.0
2010-03-31,53.0,53.0,53.0,53.0,36.422688,600.0
2010-04-01,53.0,53.0,53.0,53.0,36.422688,5400.0
2010-04-02,53.0,53.0,53.0,53.0,36.422688,1000.0
2010-04-05,53.0,53.5,53.0,53.5,36.7663,3300.0
2010-04-07,53.5,55.0,53.5,54.25,37.281715,15000.0
2010-04-08,54.0,55.0,53.75,55.0,37.797134,9200.0
2010-04-09,54.25,54.25,54.25,54.25,37.281715,500.0
2010-04-12,53.0,53.0,53.0,53.0,36.422688,100.0
2010-04-16,53.0,53.5,53.0,53.0,36.422688,17200.0
2010-04-19,54.0,54.0,54.0,54.0,37.109913,5000.0
2010-04-20,54.25,54.25,53.25,53.25,36.59449,5900.0
2010-04-21,54.0,55.0,54.0,55.0,37.797134,4700.0
2010-04-22,56.0,58.0,56.0,58.0,39.858791,2300.0
2010-04-23,58.0,58.0,58.0,58.0,39.858791,10000.0
2010-04-26,56.0,56.0,56.0,56.0,38.484348,500.0
2010-04-27,57.0,59.5,57.0,57.0,39.17157,0.0
2010-04-28,58.0,58.5,58.0,58.5,40.202404,1600.0
2010-04-29,58.0,58.0,58.0,58.0,39.858791,100.0
2010-04-30,60.0,65.0,60.0,65.0,44.669342,2000.0
2010-05-04,65.0,65.0,62.0,62.0,42.607674,1900.0
2010-05-06,62.0,65.0,62.0,63.0,43.294895,1800.0
2010-05-07,60.0,63.0,60.0,60.0,41.233231,0.0
2010-05-10,64.0,64.0,64.0,64.0,43.982117,600.0
2010-05-11,64.0,64.0,64.0,64.0,43.982117,500.0
2010-05-12,63.0,68.0,63.0,63.0,43.294895,6.0
2010-05-13,62.75,67.5,60.0,67.5,46.387386,400.0
2010-05-14,67.5,67.5,67.5,67.5,46.387386,300.0
2010-05-17,65.0,67.0,65.0,65.0,44.669342,0.0
2010-05-18,64.0,64.25,64.0,64.0,43.982117,500.0
2010-05-19,64.5,65.0,64.5,65.0,44.669342,500.0
2010-05-20,65.0,65.0,65.0,65.0,44.669342,0.0
2010-05-21,65.0,65.0,65.0,65.0,44.669342,0.0
2010-05-24,62.25,66.0,62.25,62.25,42.77948,22.0
2010-05-25,61.5,61.5,61.5,61.5,42.264061,1000.0
2010-05-26,61.0,61.0,60.5,60.5,41.576847,2200.0
2010-05-27,60.5,60.5,60.0,60.0,41.233231,2800.0
2010-05-31,60.0,60.5,57.0,60.5,41.576847,3100.0
2010-06-01,60.0,60.0,60.0,60.0,41.233231,500.0
2010-06-02,60.5,60.5,60.5,60.5,41.576847,100.0
2010-06-03,60.0,60.0,59.0,59.0,40.546005,2200.0
2010-06-04,59.0,61.0,59.0,61.0,41.920452,7700.0
2010-06-07,60.0,61.0,60.0,61.0,41.920452,2600.0
2010-06-08,61.25,64.0,61.0,61.0,41.920452,2400.0
2010-06-09,62.0,62.0,62.0,62.0,42.607674,300.0
2010-06-10,62.0,62.0,60.0,62.0,42.607674,1900.0
2010-06-11,62.0,62.0,62.0,62.0,42.607674,2000.0
2010-06-14,58.5,63.0,58.5,58.5,40.202404,0.0
2010-06-15,59.0,62.0,59.0,59.0,40.546005,0.0
2010-06-16,61.0,62.5,61.0,62.5,42.951283,2400.0
2010-06-17,62.5,62.5,62.5,62.5,42.951283,1000.0
2010-06-18,63.0,63.0,63.0,63.0,43.294895,1000.0
2010-06-21,64.0,65.0,64.0,65.0,44.669342,1000.0
2010-06-22,64.0,64.0,64.0,64.0,43.982117,1000.0
2010-06-23,65.0,65.0,65.0,65.0,44.669342,400.0
2010-06-24,64.0,65.0,64.0,65.0,44.669342,4000.0
2010-06-25,63.0,64.0,63.0,63.5,43.638504,300.0
2010-06-28,60.75,63.5,60.75,60.75,41.74865,0.0
2010-06-29,63.0,63.0,63.0,63.0,43.294895,300.0
2010-06-30,62.0,65.0,62.0,62.0,42.607674,0.0
2010-07-02,62.0,65.0,62.0,65.0,44.669342,1000.0
2010-07-05,65.0,65.0,65.0,65.0,44.669342,400.0
2010-07-06,65.0,65.0,65.0,65.0,44.669342,1100.0
2010-07-07,65.0,65.0,65.0,65.0,44.669342,100.0
2010-07-08,65.0,65.0,65.0,65.0,44.669342,1400.0
2010-07-09,65.0,65.0,65.0,65.0,44.669342,300.0
2010-07-12,65.0,65.0,65.0,65.0,44.669342,2100.0
2010-07-13,65.0,65.0,65.0,65.0,44.669342,500.0
2010-07-14,64.5,64.5,63.5,63.5,43.638504,1000.0
2010-07-15,63.0,65.0,63.0,63.0,43.294895,0.0
2010-07-16,63.0,68.0,63.0,63.0,43.294895,0.0
2010-07-19,64.0,64.0,62.0,64.0,43.982117,5300.0
2010-07-20,65.0,69.75,65.0,69.75,47.933632,400.0
2010-07-21,66.0,66.0,66.0,66.0,45.35656,500.0
2010-07-22,63.25,68.75,63.25,63.25,43.466698,0.0
2010-07-23,63.25,69.0,63.25,63.25,43.466698,0.0
2010-07-27,63.25,63.5,63.25,63.5,43.638504,100.0
2010-07-28,63.5,68.0,63.5,63.5,43.638504,1.0
2010-07-29,66.0,66.0,66.0,66.0,45.35656,500.0
2010-07-30,67.0,67.0,67.0,67.0,46.043785,1800.0
2010-08-02,64.0,64.0,64.0,64.0,43.982117,100.0
2010-08-03,66.0,67.0,66.0,67.0,46.043785,700.0
2010-08-04,66.0,69.0,66.0,66.0,45.35656,0.0
2010-08-05,66.0,67.0,66.0,67.0,46.043785,400.0
2010-08-06,64.5,66.5,64.0,66.5,45.700169,2900.0
2010-08-09,64.0,64.0,64.0,64.0,43.982117,300.0
2010-08-10,65.0,66.25,65.0,66.0,45.35656,5300.0
2010-08-11,65.0,65.0,64.5,64.5,44.325726,7700.0
2010-08-16,64.5,64.5,56.0,57.5,39.515179,5000.0
2010-08-17,61.0,61.0,58.5,58.5,40.202404,1300.0
2010-08-18,60.5,61.0,59.5,60.0,41.233231,6400.0
2010-08-19,60.0,61.0,60.0,60.0,41.233231,4200.0
2010-08-20,60.0,60.0,59.5,59.75,41.061424,13400.0
2010-08-23,59.0,59.0,58.0,58.25,41.238419,18300.0
2010-08-24,59.0,59.0,58.0,59.0,41.769386,4300.0
2010-08-25,58.0,59.0,57.25,57.25,40.530464,6800.0
2010-08-26,57.0,58.0,57.0,57.0,40.353474,2200.0
2010-08-27,57.75,57.75,57.0,57.75,40.884438,1800.0
2010-08-30,58.75,58.75,58.25,58.25,41.238419,300.0
2010-08-31,58.0,58.5,58.0,58.5,41.415405,25100.0
2010-09-01,58.0,58.0,58.0,58.0,41.061424,100.0
2010-09-02,58.0,58.0,58.0,58.0,41.061424,1500.0
2010-09-03,58.0,59.0,58.0,59.0,41.769386,2100.0
2010-09-06,61.25,64.0,59.0,59.0,41.769386,2300.0
2010-09-07,59.0,59.0,58.0,58.0,41.061424,1700.0
2010-09-08,58.0,58.0,57.75,58.0,41.061424,700.0
2010-09-09,57.5,59.25,57.0,59.25,41.946377,2100.0
2010-09-10,57.25,57.25,57.25,57.25,40.530464,100.0
2010-09-13,57.0,60.0,57.0,57.0,40.353474,1.0
2010-09-14,57.0,58.75,57.0,57.0,40.353474,0.0
2010-09-15,,,,,,
2010-09-16,58.0,58.0,56.75,56.75,40.176483,1600.0
2010-09-17,56.75,58.25,56.75,56.75,40.176483,0.0
2010-09-20,56.75,56.75,56.75,56.75,40.176483,300.0
2010-09-21,57.5,57.5,57.5,57.5,40.707447,100.0
2010-09-22,57.0,58.0,56.5,58.0,41.061424,2100.0
2010-09-23,57.0,57.25,56.0,57.25,40.530464,7800.0
2010-09-24,57.0,57.0,57.0,57.0,40.353474,300.0
2010-09-27,56.5,58.25,56.5,56.5,39.9995,0.0
2010-09-28,57.25,57.25,57.0,57.0,40.353474,300.0
2010-09-29,56.0,56.75,56.0,56.0,39.645519,12400.0
2010-09-30,56.0,57.25,56.0,56.0,39.645519,0.0
2010-10-01,56.25,56.25,56.0,56.0,39.645519,2100.0
2010-10-04,56.25,56.25,56.0,56.0,39.645519,2100.0
2010-10-05,57.75,57.75,57.25,57.25,40.530464,200.0
2010-10-06,56.25,58.0,56.25,58.0,41.061424,500.0
2010-10-07,56.25,56.25,56.25,56.25,39.822506,1000.0
2010-10-08,56.0,56.75,56.0,56.0,39.645519,13100.0
2010-10-11,56.0,57.5,56.0,56.0,39.645519,0.0
2010-10-12,57.25,57.25,56.5,57.25,40.530464,1200.0
2010-10-13,57.0,57.0,57.0,57.0,40.353474,3500.0
2010-10-14,57.0,58.0,56.75,57.0,40.353474,5400.0
2010-10-15,57.25,57.25,57.25,57.25,40.530464,600.0
2010-10-18,57.5,57.5,57.5,57.5,40.707447,300.0
2010-10-19,57.5,57.5,57.5,57.5,40.707447,500.0
2010-10-20,57.75,57.75,57.75,57.75,40.884438,100.0
2010-10-21,57.5,57.75,57.5,57.5,40.707447,0.0
2010-10-22,57.5,57.5,57.25,57.5,40.707447,3400.0
2010-10-26,57.5,57.5,57.0,57.25,40.530464,3700.0
2010-10-27,57.0,57.25,57.0,57.25,40.530464,600.0
2010-10-28,57.0,57.0,57.0,57.0,40.353474,1000.0
2010-10-29,56.25,56.75,56.25,56.75,40.176483,300.0
2010-11-01,57.75,57.75,57.75,57.75,40.884438,100.0
2010-11-02,56.5,56.5,56.5,56.5,39.9995,100.0
2010-11-03,56.75,58.0,56.75,56.75,40.176483,0.0
2010-11-04,56.75,57.5,56.75,56.75,40.176483,0.0
2010-11-05,56.0,58.0,56.0,58.0,41.061424,200.0
2010-11-08,58.0,58.0,58.0,58.0,41.061424,8400.0
2010-11-09,56.75,58.0,56.75,56.75,40.176483,0.0
2010-11-10,57.25,58.0,57.25,57.25,40.530464,0.0
2010-11-11,57.25,57.75,57.0,57.5,40.707447,2500.0
2010-11-12,55.5,55.5,55.25,55.25,39.114555,1500.0
2010-11-15,57.0,57.0,54.25,56.0,39.645519,9500.0
2010-11-16,55.0,57.0,54.75,56.5,39.9995,8300.0
2010-11-17,55.5,56.5,55.5,56.0,39.645519,2600.0
2010-11-18,56.0,56.0,56.0,56.0,39.645519,400.0
2010-11-19,56.0,56.0,56.0,56.0,39.645519,400.0
2010-11-22,56.0,58.0,56.0,56.0,39.645519,0.0
2010-11-23,57.0,57.0,57.0,57.0,40.353474,200.0
2010-11-24,56.0,56.0,56.0,56.0,39.645519,500.0
2010-11-25,56.0,58.0,56.0,56.0,39.645519,0.0
2010-11-26,55.0,55.0,54.5,54.5,38.583584,2500.0
2010-11-29,57.0,57.0,54.5,57.0,40.353474,1600.0
2010-11-30,55.0,57.0,55.0,57.0,40.353474,1400.0
2010-12-01,55.0,56.0,55.0,56.0,39.645519,3500.0
2010-12-02,56.0,56.0,56.0,56.0,39.645519,1100.0
2010-12-03,56.0,57.5,55.25,55.25,39.114555,700.0
2010-12-07,55.25,56.75,55.25,55.5,39.291538,0.0
2010-12-08,56.0,56.0,55.25,55.5,39.291538,3800.0
2010-12-09,56.0,56.0,53.5,54.25,38.406597,3400.0
2010-12-13,54.25,55.0,54.0,54.25,38.406597,6400.0
2010-12-14,55.0,55.0,54.25,54.25,38.406597,400.0
2010-12-15,56.0,56.0,54.5,54.5,38.583584,3300.0
2010-12-16,54.5,54.5,54.5,54.5,38.583584,100.0
2010-12-17,56.0,56.0,53.0,54.5,38.583584,8700.0
2010-12-20,54.5,54.5,54.5,54.5,38.583584,100.0
2010-12-21,55.0,57.0,55.0,57.0,40.353474,400.0
2010-12-22,54.5,54.5,54.25,54.25,38.406597,1000.0
2010-12-23,56.5,56.5,53.75,53.75,38.052616,1100.0
2010-12-24,54.0,56.25,54.0,54.0,38.229607,7100.0
2010-12-27,54.0,54.0,54.0,54.0,38.229607,1000.0
2010-12-28,55.25,55.25,55.0,55.0,38.937561,200.0
2010-12-29,55.0,55.0,55.0,55.0,38.937561,3200.0
2010-12-30,54.0,55.0,54.0,55.0,38.937561,5000.0
2011-01-04,54.0,55.0,54.0,55.0,38.937561,2300.0
2011-01-05,55.0,55.0,54.0,54.25,38.406597,4500.0
2011-01-06,55.0,55.25,55.0,55.25,39.114555,500.0
2011-01-07,55.0,55.0,54.75,55.0,38.937561,700.0
2011-01-10,55.25,55.25,54.25,54.25,38.406597,5100.0
2011-01-11,54.5,54.5,54.5,54.5,38.583584,500.0
2011-01-12,,,,,,
2011-01-13,54.25,54.25,54.25,54.25,38.406597,2200.0
2011-01-14,55.0,55.0,55.0,55.0,38.937561,800.0
2011-01-17,55.0,55.0,55.0,55.0,38.937561,4200.0
2011-01-18,55.0,55.25,55.0,55.25,39.114555,1300.0
2011-01-19,55.25,56.75,55.25,55.5,39.291538,300.0
2011-01-20,,,,,,
2011-01-21,55.25,55.25,53.0,53.0,37.521645,5900.0
2011-01-24,53.5,53.5,53.0,53.0,37.521645,2900.0
2011-01-25,52.0,52.25,52.0,52.25,36.990681,900.0
2011-01-26,54.75,54.75,54.75,54.75,38.760574,200.0
2011-01-27,,,,,,
2011-01-28,55.0,55.5,55.0,55.5,39.291538,1100.0
2011-01-31,55.0,55.0,55.0,55.0,38.937561,500.0
2011-02-01,,,,,,
2011-02-02,54.25,54.25,54.25,54.25,38.406597,100.0
2011-02-03,,,,,,
2011-02-04,,,,,,
2011-02-07,55.0,55.0,55.0,55.0,38.937561,900.0
2011-02-08,55.0,55.0,55.0,55.0,38.937561,200.0
2011-02-09,,,,,,
2011-02-10,55.0,55.0,55.0,55.0,38.937561,2000.0
2011-02-11,,,,,,
2011-02-14,55.0,55.0,55.0,55.0,38.937561,100.0
2011-02-15,55.0,55.0,55.0,55.0,38.937561,400.0
2011-02-16,,,,,,
2011-02-17,55.0,55.0,55.0,55.0,38.937561,500.0
2011-02-18,,,,,,
2011-02-21,,,,,,
2011-02-22,55.0,55.0,55.0,55.0,38.937561,200.0
2011-02-23,55.0,56.0,55.0,56.0,39.645519,300.0
2011-02-24,,,,,,
2011-02-25,55.5,55.5,55.5,55.5,39.291538,100.0
2011-02-28,,,,,,
2011-03-01,54.5,55.0,54.25,54.25,38.406597,1300.0
2011-03-02,54.5,54.5,53.0,53.75,38.052616,1200.0
2011-03-03,53.5,53.5,53.5,53.5,37.875626,500.0
2011-03-04,54.0,54.0,54.0,54.0,38.229607,200.0
2011-03-07,53.0,53.75,53.0,53.75,38.052616,3000.0
2011-03-08,54.0,54.0,54.0,54.0,38.229607,500.0
2011-03-09,,,,,,
2011-03-10,54.0,54.25,53.75,54.0,38.229607,5300.0
2011-03-11,53.5,53.5,51.75,53.5,39.144192,3100.0
2011-03-14,52.5,52.5,52.5,52.5,38.412521,500.0
2011-03-15,52.25,52.25,50.0,50.0,36.583355,16500.0
2011-03-16,49.75,51.0,49.25,49.25,36.034603,1700.0
2011-03-17,50.5,51.5,50.5,51.5,37.680851,600.0
2011-03-21,,,,,,
2011-03-22,51.75,51.75,51.75,51.75,37.86377,100.0
2011-03-23,50.25,50.75,50.25,50.75,37.132111,600.0
2011-03-24,51.0,51.0,50.75,50.75,37.132111,700.0
2011-03-25,50.75,50.75,50.75,50.75,37.132111,300.0
2011-03-28,50.25,50.75,50.0,50.75,37.132111,3500.0
2011-03-29,51.0,51.0,51.0,51.0,37.315022,100.0
2011-03-30,51.25,51.25,51.25,51.25,37.497936,100.0
2011-03-31,51.75,51.75,51.75,51.75,37.86377,500.0
2011-04-01,51.75,52.0,51.25,52.0,38.046684,1200.0
2011-04-04,,,,,,
2011-04-05,51.0,51.0,51.0,51.0,37.315022,700.0
2011-04-07,51.25,51.25,51.25,51.25,37.497936,2500.0
2011-04-08,,,,,,
2011-04-11,,,,,,
2011-04-12,,,,,,
2011-04-18,51.0,51.0,51.0,51.0,37.315022,200.0
2011-04-19,51.0,52.0,51.0,52.0,38.046684,200.0
2011-04-20,52.0,52.25,52.0,52.0,38.046684,2300.0
2011-04-21,52.0,52.0,52.0,52.0,38.046684,1000.0
2011-04-22,52.0,52.0,51.75,51.75,37.86377,600.0
2011-04-25,51.5,51.75,51.0,51.25,37.497936,2000.0
2011-04-26,50.5,51.0,50.5,51.0,37.315022,1100.0
2011-04-27,51.25,51.75,51.25,51.75,37.86377,600.0
2011-04-28,52.0,52.0,52.0,52.0,38.046684,1100.0
2011-04-29,51.5,52.0,51.0,51.0,37.315022,1700.0
2011-05-03,51.0,51.5,51.0,51.5,37.680851,800.0
2011-05-04,51.75,52.0,51.0,51.0,37.315022,1000.0
2011-05-06,,,,,,
2011-05-09,51.0,51.0,51.0,51.0,37.315022,1600.0
2011-05-10,51.0,51.0,51.0,51.0,37.315022,200.0
2011-05-11,51.0,51.0,50.5,50.5,36.949192,1000.0
2011-05-12,50.5,50.5,50.25,50.25,36.766273,1100.0
2011-05-13,50.25,50.25,50.25,50.25,36.766273,400.0
2011-05-18,51.0,51.0,51.0,51.0,37.315022,1000.0
2011-05-19,50.5,50.5,50.5,50.5,36.949192,500.0
2011-05-20,,,,,,
2011-05-23,50.5,51.0,50.5,51.0,37.315022,2500.0
2011-05-24,,,,,,
2011-05-25,50.5,50.5,50.25,50.25,36.766273,3500.0
2011-05-26,50.5,50.5,50.25,50.25,36.766273,2500.0
2011-05-27,50.5,50.5,50.5,50.5,36.949192,500.0
2011-05-30,50.5,51.0,50.5,51.0,37.315022,2000.0
2011-05-31,50.75,50.75,50.25,50.25,36.766273,1200.0
2011-06-01,50.5,50.5,50.5,50.5,36.949192,3500.0
2011-06-02,50.5,50.5,50.5,50.5,36.949192,200.0
2011-06-03,51.75,51.75,51.75,51.75,37.86377,100.0
2011-06-06,,,,,,
2011-06-07,,,,,,
2011-06-08,51.75,51.75,50.25,50.25,36.766273,2000.0
2011-06-09,50.0,50.0,50.0,50.0,36.583355,1000.0
2011-06-10,50.75,51.0,50.75,51.0,37.315022,700.0
2011-06-13,51.0,51.0,51.0,51.0,37.315022,100.0
2011-06-14,50.5,50.5,50.0,50.0,36.583355,11900.0
2011-06-15,50.0,50.0,50.0,50.0,36.583355,3600.0
2011-06-16,50.75,51.5,50.75,51.0,37.315022,5200.0
2011-06-17,51.0,52.0,51.0,52.0,38.046684,6700.0
2011-06-20,51.0,51.0,51.0,51.0,37.315022,2000.0
2011-06-21,,,,,,
2011-06-22,,,,,,
2011-06-23,52.0,52.0,52.0,52.0,38.046684,400.0
2011-06-24,51.0,51.0,50.5,50.5,36.949192,1600.0
2011-06-27,50.5,50.5,50.5,50.5,36.949192,200.0
2011-06-28,51.0,51.0,51.0,51.0,37.315022,200.0
2011-06-29,50.75,50.75,50.75,50.75,37.132111,400.0
2011-06-30,51.5,51.75,51.5,51.75,37.86377,400.0
2011-07-04,50.5,50.5,50.5,50.5,36.949192,1000.0
2011-07-05,50.75,50.75,50.75,50.75,37.132111,2000.0
2011-07-06,,,,,,
2011-07-07,,,,,,
2011-07-08,51.75,51.75,51.75,51.75,37.86377,500.0
2011-07-11,,,,,,
2011-07-12,51.0,51.75,51.0,51.75,37.86377,200.0
2011-07-13,,,,,,
2011-07-14,52.0,52.0,52.0,52.0,38.046684,100.0
2011-07-18,,,,,,
2011-07-19,52.0,52.0,51.5,51.5,37.680851,200.0
2011-07-20,52.0,52.0,52.0,52.0,38.046684,500.0
2011-07-21,52.0,52.0,52.0,52.0,38.046684,200.0
2011-07-22,52.5,52.5,52.5,52.5,38.412521,100.0
2011-07-25,,,,,,
2011-07-26,,,,,,
2011-07-27,52.0,52.0,52.0,52.0,38.046684,1200.0
2011-07-28,,,,,,
2011-07-29,53.0,55.0,53.0,53.0,38.778358,2200.0
2011-08-01,54.0,54.0,54.0,54.0,39.510021,500.0
2011-08-02,54.0,54.0,54.0,54.0,39.510021,300.0
2011-08-03,,,,,,
2011-08-04,54.0,54.0,53.5,53.75,39.327103,900.0
2011-08-05,52.0,52.0,51.75,51.75,37.86377,5900.0
2011-08-08,,,,,,
2011-08-09,50.5,50.5,50.5,50.5,36.949192,3000.0
2011-08-10,51.5,51.5,50.75,50.75,37.132111,2000.0
2011-08-11,52.75,53.0,52.75,53.0,38.778358,700.0
2011-08-15,53.75,54.0,53.0,53.0,38.778358,2000.0
2011-08-16,,,,,,
2011-08-17,53.5,54.5,53.5,54.0,39.510021,4500.0
2011-08-18,,,,,,
2011-08-19,54.5,54.5,51.0,51.0,37.315022,2700.0
2011-08-22,50.5,51.5,50.5,51.5,39.019768,400.0
2011-08-23,51.5,52.0,51.5,52.0,39.398602,300.0
2011-08-24,51.25,51.25,51.25,51.25,38.830353,1000.0
2011-08-25,,,,,,
2011-08-26,,,,,,
2011-08-29,52.0,52.0,52.0,52.0,39.398602,400.0
2011-08-30,52.0,52.0,52.0,52.0,39.398602,200.0
2011-08-31,51.75,51.75,51.75,51.75,39.209183,100.0
2011-09-01,,,,,,
2011-09-02,,,,,,
2011-09-05,53.0,54.0,53.0,54.0,40.913933,800.0
2011-09-06,,,,,,
2011-09-07,,,,,,
2011-09-08,,,,,,
2011-09-09,,,,,,
2011-09-12,,,,,,
2011-09-13,53.75,53.75,53.75,53.75,40.724514,200.0
2011-09-14,52.5,52.5,52.0,52.0,39.398602,900.0
2011-09-15,52.0,52.0,52.0,52.0,39.398602,600.0
2011-09-16,53.0,53.0,53.0,53.0,40.156265,100.0
2011-09-19,,,,,,
2011-09-20,,,,,,
2011-09-21,51.5,51.5,51.5,51.5,39.019768,200.0
2011-09-22,50.5,51.0,50.5,51.0,38.640934,600.0
2011-09-23,50.0,50.0,48.0,48.0,36.367943,1700.0
2011-09-26,48.0,48.0,45.0,47.0,35.610279,6900.0
2011-09-27,49.5,49.75,49.5,49.75,37.693855,200.0
2011-09-28,,,,,,
2011-09-29,49.0,49.0,49.0,49.0,37.12561,1000.0
2011-09-30,49.0,49.5,49.0,49.5,37.50444,300.0
2011-10-03,48.0,48.0,48.0,48.0,36.367943,200.0
2011-10-04,48.0,48.0,46.0,46.0,34.852612,2200.0
2011-10-05,47.0,47.0,47.0,47.0,35.610279,700.0
2011-10-06,49.5,49.5,49.25,49.5,37.50444,1800.0
2011-10-07,,,,,,
2011-10-10,,,,,,
2011-10-11,,,,,,
2011-10-12,,,,,,
2011-10-13,49.0,49.0,48.75,48.75,36.936188,400.0
2011-10-14,49.25,49.25,49.25,49.25,37.315022,100.0
2011-10-17,,,,,,
2011-10-18,,,,,,
2011-10-19,,,,,,
2011-10-20,,,,,,
2011-10-21,,,,,,
2011-10-25,,,,,,
2011-10-26,,,,,,
2011-10-27,,,,,,
2011-10-28,49.25,50.0,49.25,50.0,37.883274,1000.0
2011-10-31,,,,,,
2011-11-01,,,,,,
2011-11-02,,,,,,
2011-11-03,,,,,,
2011-11-04,,,,,,
2011-11-07,,,,,,
2011-11-08,,,,,,
2011-11-09,,,,,,
2011-11-10,50.0,50.0,50.0,50.0,37.883274,500.0
2011-11-11,,,,,,
2011-11-14,50.0,50.0,50.0,50.0,37.883274,9000.0
2011-11-15,50.0,50.0,50.0,50.0,37.883274,11500.0
2011-11-16,51.25,51.25,50.0,50.0,37.883274,300.0
2011-11-17,50.0,51.0,50.0,51.0,38.640934,1000.0
2011-11-18,51.0,51.0,51.0,51.0,38.640934,0.0
2011-11-21,51.0,51.0,51.0,51.0,38.640934,0.0
2011-11-22,51.5,52.75,51.5,52.75,39.96685,1100.0
2011-11-23,52.75,52.75,52.75,52.75,39.96685,0.0
2011-11-24,52.0,52.75,52.0,52.75,39.96685,1600.0
2011-11-25,52.75,52.75,52.75,52.75,39.96685,0.0
2011-11-28,52.0,52.0,52.0,52.0,39.398602,1000.0
2011-11-29,52.0,52.0,52.0,52.0,39.398602,0.0
2011-11-30,52.0,52.0,52.0,52.0,39.398602,1400.0
2011-12-01,52.0,52.0,52.0,52.0,39.398602,0.0
2011-12-02,52.0,52.0,52.0,52.0,39.398602,0.0
2011-12-06,52.0,52.0,52.0,52.0,39.398602,0.0
2011-12-07,52.0,52.0,52.0,52.0,39.398602,0.0
2011-12-08,52.0,52.0,52.0,52.0,39.398602,0.0
2011-12-09,50.0,50.0,50.0,50.0,37.883274,3000.0
2011-12-13,50.0,50.0,50.0,50.0,37.883274,0.0
2011-12-14,50.0,50.0,50.0,50.0,37.883274,0.0
2011-12-15,50.0,50.0,50.0,50.0,37.883274,0.0
2011-12-16,50.0,50.0,50.0,50.0,37.883274,0.0
2011-12-19,50.0,50.0,50.0,50.0,37.883274,0.0
2011-12-20,50.0,50.0,50.0,50.0,37.883274,0.0
2011-12-21,51.5,54.5,51.5,54.5,41.292763,3900.0
2011-12-22,54.5,54.5,54.5,54.5,41.292763,4700.0
2011-12-23,54.5,54.5,54.5,54.5,41.292763,1000.0
2011-12-26,54.5,54.5,53.75,53.75,40.724514,600.0
2011-12-27,54.5,54.75,54.5,54.5,41.292763,1600.0
2011-12-28,54.5,55.0,54.5,55.0,41.671597,6300.0
2011-12-29,55.0,55.0,55.0,55.0,41.671597,0.0
2011-12-30,55.0,55.0,55.0,55.0,41.671597,0.0
2012-01-04,55.0,55.0,55.0,55.0,41.671597,0.0
2012-01-05,54.0,54.0,54.0,54.0,40.913933,100.0
2012-01-06,54.0,54.0,54.0,54.0,40.913933,0.0
2012-01-09,54.0,54.0,54.0,54.0,40.913933,400.0
2012-01-10,54.0,54.0,54.0,54.0,40.913933,0.0
2012-01-11,54.0,54.0,54.0,54.0,40.913933,0.0
2012-01-12,53.5,53.5,53.0,53.5,40.535095,3000.0
2012-01-13,53.5,53.5,53.5,53.5,40.535095,0.0
2012-01-16,53.0,54.0,53.0,54.0,40.913933,500.0
2012-01-17,54.0,54.5,54.0,54.5,41.292763,1400.0
2012-01-18,54.5,54.5,54.5,54.5,41.292763,0.0
2012-01-19,54.5,54.5,54.5,54.5,41.292763,0.0
2012-01-20,55.0,55.0,55.0,55.0,41.671597,5200.0
2012-01-23,55.0,55.0,55.0,55.0,41.671597,500.0
2012-01-24,55.0,55.25,55.0,55.0,41.671597,7600.0
2012-01-25,55.25,55.25,55.0,55.25,41.861012,500.0
2012-01-26,55.5,56.0,55.5,56.0,42.42926,5100.0
2012-01-27,56.0,56.75,56.0,56.75,42.997513,2200.0
2012-01-30,56.75,57.0,56.0,57.0,43.186928,5100.0
2012-01-31,57.5,57.5,57.5,57.5,43.565762,100.0
2012-02-01,57.5,57.5,57.5,57.5,43.565762,0.0
2012-02-02,57.5,57.5,57.5,57.5,43.565762,0.0
2012-02-03,57.5,57.5,57.5,57.5,43.565762,0.0
2012-02-06,57.5,57.5,57.5,57.5,43.565762,0.0
2012-02-07,57.5,57.5,57.5,57.5,43.565762,0.0
2012-02-08,57.5,57.5,57.5,57.5,43.565762,0.0
2012-02-09,57.0,57.0,56.75,56.75,42.997513,200.0
2012-02-10,56.0,56.0,56.0,56.0,42.42926,100.0
2012-02-13,56.0,56.0,56.0,56.0,42.42926,500.0
2012-02-14,56.0,56.0,56.0,56.0,42.42926,0.0
2012-02-15,56.0,56.0,56.0,56.0,42.42926,0.0
2012-02-16,56.0,56.0,56.0,56.0,42.42926,0.0
2012-02-17,56.0,56.0,55.0,55.0,41.671597,300.0
2012-02-20,55.5,55.5,55.5,55.5,42.05043,300.0
2012-02-21,55.5,55.5,55.5,55.5,42.05043,0.0
2012-02-22,55.0,55.5,55.0,55.5,42.05043,10700.0
2012-02-23,55.5,56.5,55.5,56.5,42.80809,4700.0
2012-02-24,56.0,56.0,56.0,56.0,42.42926,1000.0
2012-02-27,56.0,56.0,56.0,56.0,42.42926,0.0
2012-02-28,57.0,57.0,56.0,56.0,42.42926,400.0
2012-02-29,57.0,57.0,57.0,57.0,43.186928,1200.0
2012-03-01,57.0,57.0,57.0,57.0,43.186928,0.0
2012-03-02,56.0,56.0,56.0,56.0,42.42926,1300.0
2012-03-05,57.0,57.0,56.25,56.25,42.618683,300.0
2012-03-06,56.25,56.25,56.0,56.0,42.42926,1700.0
2012-03-08,56.0,56.75,54.0,56.75,42.997513,4600.0
2012-03-09,56.75,56.75,56.75,56.75,42.997513,0.0
2012-03-12,57.0,57.0,56.75,56.75,42.997513,800.0
2012-03-13,53.5,55.0,53.5,54.75,42.880032,1400.0
2012-03-14,54.75,54.75,54.75,54.75,42.880032,0.0
2012-03-15,55.0,55.75,55.0,55.75,43.663227,1700.0
2012-03-16,55.75,55.75,55.75,55.75,43.663227,100.0
2012-03-19,54.0,55.0,54.0,54.25,42.488434,4300.0
2012-03-20,54.5,55.0,54.5,55.0,43.075832,1300.0
2012-03-21,55.0,55.0,55.0,55.0,43.075832,300.0
2012-03-22,55.0,55.0,55.0,55.0,43.075832,1100.0
2012-03-23,55.5,56.0,55.5,56.0,43.859032,2000.0
2012-03-26,55.25,55.25,55.0,55.0,43.075832,4600.0
2012-03-27,55.0,55.0,55.0,55.0,43.075832,4000.0
2012-03-28,55.0,55.0,55.0,55.0,43.075832,2000.0
2012-03-29,55.25,55.25,55.25,55.25,43.271629,17500.0
2012-03-30,55.25,55.5,55.25,55.5,43.46743,1700.0
2012-04-02,55.5,55.5,55.5,55.5,43.46743,0.0
2012-04-03,55.25,55.5,55.25,55.5,43.46743,200.0
2012-04-04,55.5,55.5,55.5,55.5,43.46743,600.0
2012-04-05,55.5,55.5,55.5,55.5,43.46743,0.0
2012-04-10,55.5,55.5,55.0,55.0,43.075832,500.0
2012-04-11,55.0,55.0,55.0,55.0,43.075832,1000.0
2012-04-12,55.0,55.0,55.0,55.0,43.075832,0.0
2012-04-17,55.0,55.5,55.0,55.5,43.46743,200.0
2012-04-18,55.0,55.25,55.0,55.25,43.271629,700.0
2012-04-19,55.25,55.25,55.25,55.25,43.271629,2800.0
2012-04-20,56.5,56.5,55.25,55.25,43.271629,200.0
2012-04-23,56.0,56.0,55.25,55.25,43.271629,2800.0
2012-04-24,55.5,55.5,55.5,55.5,43.46743,500.0
2012-04-25,55.5,55.5,55.5,55.5,43.46743,100.0
2012-04-26,56.5,56.5,55.5,55.5,43.46743,200.0
2012-04-27,55.5,55.5,55.5,55.5,43.46743,0.0
2012-04-30,56.5,57.0,56.5,57.0,44.642223,400.0
2012-05-02,57.0,57.0,57.0,57.0,44.642223,0.0
2012-05-03,56.75,56.75,56.75,56.75,44.44643,100.0
2012-05-04,56.75,56.75,56.75,56.75,44.44643,0.0
2012-05-08,56.75,56.75,56.75,56.75,44.44643,0.0
2012-05-09,57.0,57.0,56.5,56.5,44.250626,1200.0
2012-05-10,55.75,55.75,55.75,55.75,43.663227,100.0
2012-05-11,55.75,55.75,55.75,55.75,43.663227,0.0
2012-05-14,55.25,55.25,55.25,55.25,43.271629,100.0
2012-05-15,55.25,55.25,55.25,55.25,43.271629,0.0
2012-05-16,55.25,55.25,55.25,55.25,43.271629,0.0
2012-05-17,55.25,55.25,55.25,55.25,43.271629,0.0
2012-05-18,55.25,55.25,55.25,55.25,43.271629,0.0
2012-05-21,55.25,55.25,55.25,55.25,43.271629,0.0
2012-05-22,55.25,55.25,55.25,55.25,43.271629,0.0
2012-05-23,55.0,55.0,55.0,55.0,43.075832,500.0
2012-05-24,55.0,55.0,55.0,55.0,43.075832,0.0
2012-05-25,55.0,56.25,55.0,55.75,43.663227,1300.0
2012-05-28,55.75,55.75,55.75,55.75,43.663227,0.0
2012-05-29,55.75,55.75,55.75,55.75,43.663227,0.0
2012-05-30,55.75,55.75,55.75,55.75,43.663227,0.0
2012-05-31,53.0,53.0,53.0,53.0,41.509438,500.0
2012-06-01,53.0,53.0,53.0,53.0,41.509438,0.0
2012-06-05,53.0,56.0,53.0,55.0,43.075832,600.0
2012-06-06,55.0,55.0,54.5,54.5,42.684231,2600.0
2012-06-07,55.0,55.0,55.0,55.0,43.075832,300.0
2012-06-08,55.0,55.0,55.0,55.0,43.075832,0.0
2012-06-11,57.0,57.0,54.0,54.0,42.292633,1300.0
2012-06-12,54.0,54.5,54.0,54.0,42.292633,2800.0
2012-06-13,54.0,54.0,54.0,54.0,42.292633,4600.0
2012-06-14,54.0,54.25,54.0,54.25,42.488434,1700.0
2012-06-15,54.0,54.25,54.0,54.0,42.292633,1000.0
2012-06-18,54.0,54.0,54.0,54.0,42.292633,0.0
2012-06-19,54.0,54.0,54.0,54.0,42.292633,0.0
2012-06-20,53.5,54.0,53.5,54.0,42.292633,10200.0
2012-06-21,54.0,54.0,54.0,54.0,42.292633,3500.0
2012-06-22,54.0,54.0,54.0,54.0,42.292633,4000.0
2012-06-25,54.0,54.0,54.0,54.0,42.292633,4000.0
2012-06-26,53.5,53.75,52.75,52.75,41.313641,14000.0
2012-06-27,53.5,53.5,53.0,53.0,41.509438,2600.0
2012-06-28,53.25,53.25,52.0,52.0,40.726238,10000.0
2012-06-29,52.25,53.0,52.25,53.0,41.509438,200.0
2012-07-02,52.5,52.5,52.5,52.5,41.11784,300.0
2012-07-03,53.0,53.0,53.0,53.0,41.509438,200.0
2012-07-04,52.75,52.75,52.75,52.75,41.313641,3200.0
2012-07-05,53.5,54.0,53.5,54.0,42.292633,300.0
2012-07-06,53.5,54.0,53.5,54.0,42.292633,1500.0
2012-07-09,54.0,54.0,53.5,53.5,41.901039,7200.0
2012-07-10,53.25,53.25,53.0,53.0,41.509438,2300.0
2012-07-11,53.0,53.25,53.0,53.0,41.509438,4000.0
2012-07-12,53.25,53.25,53.0,53.0,41.509438,1400.0
2012-07-13,53.25,53.25,52.5,52.5,41.11784,3500.0
2012-07-16,52.5,52.5,52.5,52.5,41.11784,200.0
2012-07-17,52.75,52.75,52.75,52.75,41.313641,1000.0
2012-07-18,52.75,53.25,52.75,53.25,41.705235,800.0
2012-07-19,52.75,52.75,52.0,52.5,41.11784,12500.0
2012-07-20,53.0,53.25,52.75,52.75,41.313641,900.0
2012-07-23,52.25,52.5,52.0,52.25,40.922039,6600.0
2012-07-24,53.0,53.0,53.0,53.0,41.509438,3700.0
2012-07-25,53.25,53.25,53.0,53.25,41.705235,2900.0
2012-07-26,53.0,53.0,53.0,53.0,41.509438,1200.0
2012-07-27,53.0,54.0,53.0,54.0,42.292633,3300.0
2012-07-30,54.5,54.5,54.5,54.5,42.684231,500.0
2012-07-31,54.5,54.5,54.5,54.5,42.684231,600.0
2012-08-01,53.5,53.5,53.5,53.5,41.901039,200.0
2012-08-03,53.5,54.25,53.5,54.25,42.488434,100.0
2012-08-06,54.25,54.25,54.25,54.25,42.488434,0.0
2012-08-07,53.5,54.25,53.5,53.75,42.096836,800.0
2012-08-08,56.0,56.0,54.0,54.0,42.292633,1600.0
2012-08-09,55.0,55.0,53.0,53.0,41.509438,3600.0
2012-08-10,53.0,53.0,53.0,53.0,41.509438,0.0
2012-08-14,53.0,59.0,53.0,57.5,45.033825,15900.0
2012-08-15,58.0,58.25,57.0,58.25,45.621223,3100.0
2012-08-16,58.75,58.75,58.25,58.25,45.621223,1500.0
2012-08-17,57.75,58.0,56.75,58.0,45.425423,6800.0
2012-08-20,58.25,59.0,57.75,58.0,45.425423,11800.0
2012-08-21,58.0,58.75,58.0,58.75,46.012821,2000.0
2012-08-22,58.75,60.0,58.75,59.5,46.600216,10100.0
2012-08-23,60.5,60.5,58.5,60.0,46.991817,7000.0
2012-08-24,59.75,60.25,59.5,60.25,47.187614,5400.0
2012-08-27,60.0,63.5,60.0,60.25,47.187614,4600.0
2012-08-28,60.25,61.75,60.0,61.75,48.362408,5600.0
2012-08-29,61.75,63.25,61.75,61.75,48.362408,2400.0
2012-08-30,61.75,61.75,61.25,61.25,47.970814,1100.0
2012-08-31,61.25,61.25,61.25,61.25,47.970814,0.0
2012-09-03,61.0,61.0,60.5,60.5,47.383415,1800.0
2012-09-04,62.5,62.5,60.25,60.5,47.383415,5200.0
2012-09-05,60.75,60.75,60.75,60.75,47.579212,100.0
2012-09-06,60.75,60.75,60.75,60.75,47.579212,500.0
2012-09-07,61.0,61.25,61.0,61.25,47.970814,2600.0
2012-09-10,62.0,62.0,62.0,62.0,48.558212,3500.0
2012-09-11,62.25,62.25,61.75,62.0,48.558212,600.0
2012-09-12,62.0,62.25,62.0,62.0,48.558212,800.0
2012-09-13,64.0,64.0,62.25,63.0,49.341408,1600.0
2012-09-14,63.25,63.5,63.0,63.5,49.733006,3100.0
2012-09-17,63.5,65.0,63.5,63.75,49.928802,700.0
2012-09-18,63.75,64.0,63.75,64.0,50.124603,1500.0
2012-09-19,64.0,64.0,64.0,64.0,50.124603,100.0
2012-09-20,64.0,64.0,63.75,63.75,49.928802,2100.0
2012-09-21,63.75,63.75,63.75,63.75,49.928802,0.0
2012-09-24,63.5,64.0,63.5,63.75,49.928802,1500.0
2012-09-25,63.5,64.0,63.5,64.0,50.124603,1700.0
2012-09-26,64.0,64.0,62.0,62.0,48.558212,7200.0
2012-09-27,63.5,63.5,62.75,62.75,49.145611,1600.0
2012-09-28,62.75,62.75,62.75,62.75,49.145611,0.0
2012-10-01,62.25,62.25,62.0,62.0,48.558212,1800.0
2012-10-02,62.0,62.0,62.0,62.0,48.558212,8600.0
2012-10-03,62.75,62.75,61.5,62.5,48.949806,6200.0
2012-10-04,62.5,62.5,62.5,62.5,48.949806,0.0
2012-10-05,63.5,63.5,62.5,62.5,48.949806,900.0
2012-10-08,63.0,63.0,63.0,63.0,49.341408,300.0
2012-10-09,63.5,63.5,63.0,63.5,49.733006,1400.0
2012-10-10,62.25,62.25,62.25,62.25,48.754009,400.0
2012-10-11,62.0,68.0,62.0,68.0,53.257389,19900.0
2012-10-12,67.75,67.75,64.75,64.75,50.712002,1900.0
2012-10-15,64.5,64.5,64.5,64.5,50.516205,200.0
2012-10-16,64.0,64.0,64.0,64.0,50.124603,200.0
2012-10-17,64.0,64.75,63.0,64.75,50.712002,500.0
2012-10-18,64.75,64.75,64.75,64.75,50.712002,300.0
2012-10-19,64.75,64.75,64.0,64.0,50.124603,600.0
2012-10-22,64.0,64.0,64.0,64.0,50.124603,1900.0
2012-10-24,64.0,64.5,63.0,63.0,49.341408,1600.0
2012-10-25,63.0,63.25,63.0,63.25,49.537205,400.0
2012-10-26,63.25,66.0,63.25,63.75,49.928802,1800.0
2012-10-29,63.75,64.5,63.75,64.5,50.516205,600.0
2012-10-30,64.5,64.5,64.5,64.5,50.516205,0.0
2012-10-31,64.5,64.5,64.5,64.5,50.516205,200.0
2012-11-01,64.5,64.5,64.5,64.5,50.516205,0.0
2012-11-02,64.5,64.5,64.5,64.5,50.516205,0.0
2012-11-05,64.75,64.75,61.5,61.5,48.166611,11800.0
2012-11-06,61.75,62.75,61.0,62.0,48.558212,4300.0
2012-11-07,62.0,62.0,62.0,62.0,48.558212,0.0
2012-11-08,62.5,62.5,62.5,62.5,48.949806,100.0
2012-11-09,62.75,62.75,62.75,62.75,49.145611,400.0
2012-11-12,67.25,75.5,65.5,74.0,57.956573,400.0
2012-11-13,73.5,74.0,66.75,67.5,52.865791,7800.0
2012-11-14,69.0,70.0,67.0,68.0,53.257389,4300.0
2012-11-15,66.75,68.5,66.75,68.0,53.257389,1300.0
2012-11-16,67.0,68.0,67.0,68.0,53.257389,1000.0
2012-11-19,68.0,68.0,68.0,68.0,53.257389,0.0
2012-11-20,67.0,67.0,67.0,67.0,52.47419,1000.0
2012-11-21,67.25,70.0,67.25,68.5,53.648991,4500.0
2012-11-22,68.0,69.0,68.0,69.0,54.040585,500.0
2012-11-23,70.0,70.0,69.75,70.0,54.823784,1400.0
2012-11-26,70.0,70.0,70.0,70.0,54.823784,500.0
2012-11-27,70.0,70.0,70.0,70.0,54.823784,3000.0
2012-11-28,70.0,70.0,70.0,70.0,54.823784,1700.0
2012-11-29,70.0,70.0,69.0,70.0,54.823784,15100.0
2012-11-30,69.75,69.75,69.5,69.5,54.432186,600.0
2012-12-03,68.75,68.75,68.75,68.75,53.844791,2700.0
2012-12-04,68.75,69.25,68.75,69.25,54.236385,19600.0
2012-12-06,69.25,69.25,69.0,69.25,54.236385,15000.0
2012-12-07,70.0,70.0,69.5,69.5,54.432186,700.0
2012-12-11,69.5,69.5,69.25,69.5,54.432186,800.0
2012-12-12,69.25,69.5,69.0,69.25,54.236385,11900.0
2012-12-13,69.0,69.0,68.75,68.75,53.844791,12900.0
2012-12-14,68.75,69.0,68.5,68.75,53.844791,3600.0
2012-12-17,68.25,68.5,67.75,68.0,53.257389,2700.0
2012-12-18,68.0,68.0,68.0,68.0,53.257389,10400.0
2012-12-19,67.75,68.0,67.75,68.0,53.257389,4600.0
2012-12-20,67.5,69.0,67.5,69.0,54.040585,10400.0
2012-12-21,68.75,69.0,68.75,69.0,54.040585,5800.0
2012-12-24,68.5,68.75,68.5,68.5,53.648991,7500.0
2012-12-25,68.5,68.5,68.5,68.5,53.648991,100.0
2012-12-26,68.5,68.5,68.5,68.5,53.648991,1000.0
2012-12-27,68.5,68.5,68.25,68.25,53.453194,3600.0
2012-12-28,68.25,68.5,68.25,68.5,53.648991,9600.0
2013-01-02,68.5,68.75,68.5,68.75,53.844791,8800.0
2013-01-03,68.5,68.5,68.5,68.5,53.648991,4400.0
2013-01-04,68.75,68.75,68.75,68.75,53.844791,100.0
2013-01-07,68.5,68.75,68.5,68.5,53.648991,4100.0
2013-01-08,68.5,70.0,68.5,69.0,54.040585,32900.0
2013-01-09,69.25,70.0,69.25,70.0,54.823784,2100.0
2013-01-10,69.25,70.0,69.0,69.0,54.040585,4100.0
2013-01-11,69.0,70.5,69.0,69.25,54.236385,4700.0
2013-01-14,69.25,69.25,69.25,69.25,54.236385,1100.0
2013-01-15,70.0,70.0,69.25,69.5,54.432186,5300.0
2013-01-16,69.5,69.75,69.5,69.5,54.432186,2400.0
2013-01-17,70.0,70.0,70.0,70.0,54.823784,2400.0
2013-01-18,70.0,71.5,70.0,71.0,55.606979,2200.0
2013-01-21,69.0,71.0,69.0,71.0,55.606979,6100.0
2013-01-22,70.0,70.0,70.0,70.0,54.823784,500.0
2013-01-23,69.5,69.5,69.25,69.25,54.236385,4600.0
2013-01-24,69.5,69.5,69.5,69.5,54.432186,600.0
2013-01-25,69.5,69.5,69.5,69.5,54.432186,0.0
2013-01-28,71.5,71.5,71.5,71.5,55.998585,1500.0
2013-01-29,71.5,71.75,71.5,71.75,56.194386,1000.0
2013-01-30,72.0,72.75,72.0,72.0,56.390175,1900.0
2013-01-31,72.5,73.0,72.5,73.0,57.173378,3400.0
2013-02-01,76.0,76.0,74.25,76.0,59.522968,5400.0
2013-02-04,76.0,76.0,76.0,76.0,59.522968,3200.0
2013-02-05,76.0,76.0,74.0,74.0,57.956573,4500.0
2013-02-06,74.0,74.0,74.0,74.0,57.956573,0.0
2013-02-07,79.0,79.0,76.0,76.0,59.522968,1900.0
2013-02-08,73.25,74.0,72.0,72.5,56.781776,2900.0
2013-02-11,71.0,71.5,70.0,71.25,55.80278,3000.0
2013-02-12,71.0,71.25,70.0,71.0,55.606979,8900.0
2013-02-13,71.5,71.5,71.5,71.5,55.998585,600.0
2013-02-14,72.0,72.0,71.5,72.0,56.390175,1600.0
2013-02-15,72.0,72.0,72.0,72.0,56.390175,0.0
2013-02-18,73.5,79.0,72.0,72.0,56.390175,1100.0
2013-02-19,76.0,79.0,72.75,74.0,57.956573,4500.0
2013-02-20,73.25,73.25,73.0,73.25,57.369179,800.0
2013-02-21,73.75,74.0,73.75,74.0,57.956573,1400.0
2013-02-22,75.25,76.0,75.0,75.0,58.739769,10200.0
2013-02-26,75.0,77.0,75.0,77.0,60.306164,1800.0
2013-02-27,76.0,76.0,75.0,75.0,58.739769,3900.0
2013-02-28,75.0,77.0,72.5,73.0,57.173378,11900.0
2013-03-01,74.0,74.0,72.0,72.75,56.977577,22800.0
2013-03-04,73.0,74.25,73.0,74.0,57.956573,9000.0
2013-03-05,74.0,75.5,74.0,75.25,58.935562,9100.0
2013-03-06,76.0,77.0,76.0,77.0,60.306164,22000.0
2013-03-07,72.5,72.5,70.0,70.0,57.827827,9800.0
2013-03-08,70.0,73.0,70.0,72.0,59.480057,5900.0
2013-03-11,70.75,71.0,68.25,70.0,57.827827,9200.0
2013-03-12,69.75,70.5,69.0,70.0,57.827827,4800.0
2013-03-13,70.0,71.0,70.0,71.0,58.653942,2700.0
2013-03-14,71.0,71.0,70.5,70.5,58.240883,1600.0
2013-03-15,70.5,71.0,70.0,70.0,57.827827,4100.0
2013-03-18,70.5,73.0,70.0,73.0,60.306164,2600.0
2013-03-19,71.0,71.0,68.75,69.25,57.208248,7200.0
2013-03-20,69.0,70.5,68.5,70.5,58.240883,6800.0
2013-03-21,70.0,70.0,69.0,69.75,57.6213,1500.0
2013-03-22,68.5,68.5,67.5,68.25,56.382133,6000.0
2013-03-25,65.0,68.25,65.0,68.25,56.382133,6000.0
2013-03-26,68.5,71.75,68.5,71.75,59.273518,1800.0
2013-03-27,71.75,71.75,71.75,71.75,59.273518,0.0
2013-03-28,69.5,69.5,68.75,69.0,57.001717,2800.0
2013-03-29,68.5,68.5,68.25,68.25,56.382133,1500.0
2013-04-01,68.5,72.0,68.5,72.0,59.480057,4000.0
2013-04-02,69.75,69.75,69.5,69.5,57.414772,1100.0
2013-04-03,69.25,69.25,69.0,69.0,57.001717,1300.0
2013-04-04,68.0,70.25,68.0,70.25,58.034359,1500.0
2013-04-05,70.5,70.5,70.0,70.0,57.827827,700.0
2013-04-09,70.0,70.0,69.25,69.25,57.208248,1400.0
2013-04-10,68.5,71.0,68.5,71.0,58.653942,2600.0
2013-04-11,71.0,71.0,70.0,70.25,58.034359,1600.0
2013-04-12,69.0,69.5,67.25,68.75,56.795193,9600.0
2013-04-17,68.75,70.5,68.75,70.5,58.240883,1600.0
2013-04-18,71.0,72.0,70.0,71.0,58.653942,7600.0
2013-04-19,71.75,72.0,71.0,71.0,58.653942,7200.0
2013-04-22,71.25,71.5,71.25,71.25,58.86047,2000.0
2013-04-23,71.25,71.5,71.0,71.5,59.066994,5100.0
2013-04-24,71.25,72.0,71.0,71.25,58.86047,3000.0
2013-04-25,71.5,71.5,71.5,71.5,59.066994,300.0
2013-04-26,71.25,71.5,71.25,71.5,59.066994,2800.0
2013-04-29,71.25,72.25,71.25,71.5,59.066994,1000.0
2013-04-30,71.5,71.5,70.0,71.25,58.86047,12100.0
2013-05-02,71.25,71.5,71.0,71.0,58.653942,1100.0
2013-05-03,72.0,72.0,72.0,72.0,59.480057,2200.0
2013-05-07,72.0,72.0,71.0,71.0,58.653942,600.0
2013-05-08,71.0,71.0,71.0,71.0,58.653942,0.0
2013-05-09,72.75,72.75,72.75,72.75,60.099636,1600.0
2013-05-10,72.75,72.75,72.25,72.25,59.686584,2300.0
2013-05-13,72.0,72.75,72.0,72.5,59.893112,5300.0
2013-05-14,72.0,73.25,72.0,73.0,60.306164,2000.0
2013-05-15,73.5,76.5,73.25,75.25,62.164921,13200.0
2013-05-16,76.5,77.75,76.0,77.0,63.610615,6200.0
2013-05-17,78.0,78.75,78.0,78.5,64.849777,4600.0
2013-05-20,78.5,81.0,78.5,81.0,66.915062,6100.0
2013-05-21,76.5,80.5,76.5,80.5,66.502007,1800.0
2013-05-22,80.0,80.0,80.0,80.0,66.088951,12300.0
2013-05-23,77.5,79.5,75.5,75.5,62.371445,13700.0
2013-05-27,75.5,77.0,75.5,77.0,63.610615,500.0
2013-05-28,76.25,77.0,76.0,77.0,63.610615,3000.0
2013-05-29,77.0,77.0,76.0,77.0,63.610615,5600.0
2013-05-30,77.0,77.0,77.0,77.0,63.610615,0.0
2013-05-31,77.0,77.0,77.0,77.0,63.610615,0.0
2013-06-03,77.0,77.0,77.0,77.0,63.610615,1000.0
2013-06-04,77.0,77.0,77.0,77.0,63.610615,0.0
2013-06-05,79.75,79.75,79.75,79.75,65.882416,200.0
2013-06-06,79.0,79.0,74.0,74.0,61.132275,8000.0
2013-06-07,73.5,75.0,73.5,75.0,61.958382,6300.0
2013-06-10,76.0,76.0,75.5,75.5,62.371445,200.0
2013-06-11,76.0,76.0,74.0,75.0,61.958382,6700.0
2013-06-12,75.0,75.0,73.0,74.0,61.132275,5100.0
2013-06-13,73.0,73.25,72.0,72.0,59.480057,15800.0
2013-06-14,77.75,77.75,73.5,73.5,60.719219,1100.0
2013-06-17,74.0,75.0,74.0,75.0,61.958382,900.0
2013-06-18,75.0,75.0,75.0,75.0,61.958382,0.0
2013-06-19,75.0,75.0,75.0,75.0,61.958382,200.0
2013-06-20,74.25,74.25,73.25,74.25,61.338806,3700.0
2013-06-21,73.0,74.0,72.0,74.0,61.132275,2500.0
2013-06-24,74.0,74.0,74.0,74.0,61.132275,1300.0
2013-06-25,72.5,72.5,72.0,72.0,59.480057,1600.0
2013-06-26,73.0,73.0,73.0,73.0,60.306164,500.0
2013-06-27,72.0,72.25,72.0,72.25,59.686584,11200.0
2013-06-28,72.5,72.5,72.0,72.0,59.480057,6000.0
2013-07-02,72.0,73.0,72.0,72.5,59.893112,1200.0
2013-07-03,73.0,73.0,72.0,72.5,59.893112,1400.0
2013-07-04,72.25,72.25,72.0,72.25,59.686584,6500.0
2013-07-05,73.0,73.0,72.0,72.0,59.480057,13600.0
2013-07-08,72.0,72.0,72.0,72.0,59.480057,1300.0
2013-07-09,72.25,72.25,72.25,72.25,59.686584,500.0
2013-07-10,73.0,73.0,71.75,72.0,59.480057,1200.0
2013-07-11,72.75,72.75,72.5,72.5,59.893112,400.0
2013-07-12,72.5,72.5,72.0,72.0,59.480057,3000.0
2013-07-15,72.0,72.0,72.0,72.0,59.480057,3800.0
2013-07-16,72.0,72.0,71.75,71.75,59.273518,2300.0
2013-07-17,71.5,71.5,71.5,71.5,59.066994,5200.0
2013-07-18,71.5,71.5,71.25,71.25,58.86047,8300.0
2013-07-19,71.25,71.5,70.5,71.5,59.066994,14600.0
2013-07-23,71.5,71.5,70.75,70.75,58.447411,10100.0
2013-07-24,70.75,74.75,70.0,74.75,61.751858,13400.0
2013-07-25,74.75,74.75,74.75,74.75,61.751858,0.0
2013-07-26,74.75,74.75,74.75,74.75,61.751858,0.0
2013-07-29,71.5,71.5,71.25,71.5,59.066994,400.0
2013-07-30,71.5,72.0,71.5,72.0,59.480057,400.0
2013-07-31,72.0,72.75,71.0,71.5,59.066994,900.0
2013-08-01,70.5,72.5,70.5,72.5,59.893112,900.0
2013-08-02,72.5,72.5,72.5,72.5,59.893112,0.0
2013-08-05,71.0,71.0,70.75,70.75,58.447411,300.0
2013-08-06,70.75,70.75,70.75,70.75,58.447411,0.0
2013-08-07,70.25,71.5,70.0,71.5,59.066994,2400.0
2013-08-08,71.5,71.5,71.5,71.5,59.066994,0.0
2013-08-09,70.5,72.5,70.0,72.5,59.893112,1300.0
2013-08-13,72.5,72.5,72.5,72.5,59.893112,1000.0
2013-08-14,69.5,70.0,68.5,69.75,57.6213,4200.0
2013-08-15,70.0,70.0,69.0,69.0,57.001717,16400.0
2013-08-16,69.0,69.0,69.0,69.0,57.001717,1900.0
2013-08-19,68.5,68.5,67.5,68.0,56.175602,4900.0
2013-08-20,67.75,67.75,63.25,65.25,53.903797,31000.0
2013-08-21,65.5,65.5,65.0,65.25,53.903797,12600.0
2013-08-22,66.75,66.75,64.5,65.0,53.697269,11100.0
2013-08-23,65.0,65.0,65.0,65.0,53.697269,400.0
2013-08-26,64.75,65.0,64.5,64.75,53.490742,1800.0
2013-08-27,63.5,63.75,60.25,60.25,49.773243,4500.0
2013-08-28,60.5,62.5,60.5,62.5,51.631989,7600.0
2013-08-29,61.5,63.75,61.0,63.75,52.664627,8700.0
2013-08-30,61.5,62.5,61.5,62.5,51.631989,2200.0
2013-09-02,62.0,69.25,62.0,69.25,57.208248,1500.0
2013-09-03,63.0,64.0,63.0,63.5,52.458103,5800.0
2013-09-04,62.0,64.25,62.0,64.25,53.077682,5800.0
2013-09-05,62.0,62.0,62.0,62.0,51.218941,100.0
2013-09-06,63.75,63.75,63.75,63.75,52.664627,100.0
2013-09-09,63.0,63.0,63.0,63.0,52.045048,100.0
2013-09-10,63.0,64.75,63.0,64.75,53.490742,6900.0
2013-09-11,63.0,63.5,63.0,63.5,52.458103,1500.0
2013-09-12,63.5,70.75,63.5,70.75,58.447411,3400.0
2013-09-13,70.75,70.75,70.75,70.75,58.447411,0.0
2013-09-16,69.0,69.0,68.0,68.0,56.175602,1200.0
2013-09-17,68.0,68.0,68.0,68.0,56.175602,0.0
2013-09-18,67.75,67.75,67.75,67.75,55.969078,100.0
2013-09-19,68.25,68.25,66.25,66.25,54.729912,2300.0
2013-09-20,66.25,66.25,66.25,66.25,54.729912,1500.0
2013-09-23,66.75,66.75,66.75,66.75,55.142967,200.0
2013-09-24,66.75,66.75,66.75,66.75,55.142967,0.0
2013-09-25,66.75,67.0,66.75,67.0,55.349491,3500.0
2013-09-26,65.75,67.0,65.75,67.0,55.349491,4200.0
2013-09-27,67.0,67.0,67.0,67.0,55.349491,0.0
2013-09-30,67.0,67.0,66.5,66.5,54.93644,1000.0
2013-10-01,66.5,66.5,66.5,66.5,54.93644,600.0
2013-10-02,66.5,67.0,66.5,67.0,55.349491,3400.0
2013-10-03,67.0,68.0,67.0,68.0,56.175602,1100.0
2013-10-04,68.0,68.0,68.0,68.0,56.175602,2400.0
2013-10-07,68.0,68.0,68.0,68.0,56.175602,0.0
2013-10-08,68.0,68.0,68.0,68.0,56.175602,100.0
2013-10-09,68.0,68.0,68.0,68.0,56.175602,0.0
2013-10-10,66.5,66.5,66.5,66.5,54.93644,300.0
2013-10-11,66.5,66.5,66.5,66.5,54.93644,100.0
2013-10-14,69.5,69.5,69.5,69.5,57.414772,200.0
2013-10-15,69.5,69.5,69.5,69.5,57.414772,0.0
2013-10-16,68.0,69.0,68.0,69.0,57.001717,500.0
2013-10-17,68.0,68.0,68.0,68.0,56.175602,3000.0
2013-10-18,69.0,69.5,69.0,69.5,57.414772,2700.0
2013-10-21,69.5,69.5,69.0,69.0,57.001717,1700.0
2013-10-22,69.0,69.0,69.0,69.0,57.001717,400.0
2013-10-24,69.0,69.0,69.0,69.0,57.001717,100.0
2013-10-25,69.0,69.0,67.0,67.0,55.349491,300.0
2013-10-28,67.0,67.5,67.0,67.0,55.349491,4000.0
2013-10-29,67.0,68.0,67.0,68.0,56.175602,3400.0
2013-10-30,67.0,67.25,67.0,67.25,55.556023,400.0
2013-10-31,68.0,68.0,68.0,68.0,56.175602,200.0
2013-11-01,67.0,67.0,67.0,67.0,55.349491,2600.0
2013-11-04,66.5,66.5,65.25,65.25,53.903797,4600.0
2013-11-05,66.0,66.0,65.5,65.5,54.110325,2000.0
2013-11-06,66.0,66.0,66.0,66.0,54.52338,1000.0
2013-11-07,66.0,66.0,66.0,66.0,54.52338,0.0
2013-11-08,66.0,66.0,66.0,66.0,54.52338,0.0
2013-11-11,66.0,66.0,66.0,66.0,54.52338,0.0
2013-11-12,66.0,66.0,66.0,66.0,54.52338,0.0
2013-11-13,66.0,69.75,66.0,69.75,57.6213,1100.0
2013-11-14,69.0,70.25,69.0,70.0,57.827827,6700.0
2013-11-15,70.0,70.0,70.0,70.0,57.827827,1500.0
2013-11-18,69.5,70.0,69.5,70.0,57.827827,700.0
2013-11-19,70.0,70.0,70.0,70.0,57.827827,600.0
2013-11-20,71.0,71.0,71.0,71.0,58.653942,100.0
2013-11-21,70.0,70.0,70.0,70.0,57.827827,2500.0
2013-11-22,71.0,71.0,70.0,70.0,57.827827,1200.0
2013-11-25,70.0,70.0,70.0,70.0,57.827827,1700.0
2013-11-26,70.0,71.0,70.0,71.0,58.653942,1500.0
2013-11-27,70.0,70.0,68.25,70.0,57.827827,5000.0
2013-11-28,70.25,70.25,70.25,70.25,58.034359,500.0
2013-11-29,70.5,70.5,70.25,70.25,58.034359,600.0
2013-12-02,70.5,71.0,70.5,70.5,58.240883,3000.0
2013-12-03,71.0,71.0,70.25,70.25,58.034359,700.0
2013-12-04,70.75,70.75,70.75,70.75,58.447411,400.0
2013-12-06,70.75,70.75,70.0,70.0,57.827827,1500.0
2013-12-09,70.5,70.5,70.5,70.5,58.240883,400.0
2013-12-11,70.5,70.5,70.5,70.5,58.240883,200.0
2013-12-12,70.5,70.5,70.5,70.5,58.240883,500.0
2013-12-13,70.0,70.0,70.0,70.0,57.827827,1500.0
2013-12-16,70.5,70.5,70.5,70.5,58.240883,700.0
2013-12-17,70.5,70.5,70.5,70.5,58.240883,0.0
2013-12-18,71.0,71.0,71.0,71.0,58.653942,1600.0
2013-12-19,71.0,71.0,71.0,71.0,58.653942,0.0
2013-12-20,70.0,71.0,70.0,71.0,58.653942,2100.0
2013-12-23,71.0,71.0,71.0,71.0,58.653942,0.0
2013-12-24,70.5,70.75,70.5,70.75,58.447411,200.0
2013-12-25,70.75,70.75,70.75,70.75,58.447411,0.0
2013-12-26,70.0,70.0,70.0,70.0,57.827827,7800.0
2013-12-27,70.0,70.0,70.0,70.0,57.827827,9500.0
2014-01-02,70.0,70.0,69.25,69.25,57.208248,1100.0
2014-01-03,69.0,70.0,69.0,70.0,57.827827,2000.0
2014-01-06,70.0,70.0,70.0,70.0,57.827827,500.0
2014-01-07,69.5,69.5,69.5,69.5,57.414772,1000.0
2014-01-08,69.75,69.75,69.75,69.75,57.6213,1000.0
2014-01-09,69.5,69.5,69.5,69.5,57.414772,1000.0
2014-01-10,69.5,69.5,69.5,69.5,57.414772,0.0
2014-01-13,69.5,69.5,69.5,69.5,57.414772,0.0
2014-01-14,69.5,69.5,69.5,69.5,57.414772,0.0
2014-01-15,69.0,69.25,69.0,69.0,57.001717,5500.0
2014-01-16,69.25,69.25,69.25,69.25,57.208248,900.0
2014-01-17,72.0,72.0,69.5,69.5,57.414772,200.0
2014-01-20,69.5,69.5,69.5,69.5,57.414772,0.0
2014-01-21,69.5,69.5,69.5,69.5,57.414772,0.0
2014-01-22,70.0,70.0,70.0,70.0,57.827827,2000.0
2014-01-23,70.5,70.5,70.5,70.5,58.240883,200.0
2014-01-24,70.0,70.0,70.0,70.0,57.827827,2000.0
2014-01-27,70.0,70.0,70.0,70.0,57.827827,3600.0
2014-01-28,70.0,70.0,70.0,70.0,57.827827,1000.0
2014-01-29,70.0,70.0,70.0,70.0,57.827827,0.0
2014-01-30,70.0,70.0,70.0,70.0,57.827827,0.0
2014-01-31,70.25,70.25,70.0,70.0,57.827827,1100.0
2014-02-03,70.0,71.0,70.0,71.0,58.653942,3400.0
2014-02-04,71.0,71.0,71.0,71.0,58.653942,500.0
2014-02-05,71.0,71.0,71.0,71.0,58.653942,2500.0
2014-02-06,71.0,71.0,71.0,71.0,58.653942,0.0
2014-02-07,71.0,71.0,71.0,71.0,58.653942,0.0
2014-02-10,70.5,70.5,70.5,70.5,58.240883,1000.0
2014-02-11,71.0,71.0,71.0,71.0,58.653942,300.0
2014-02-12,70.5,70.5,70.5,70.5,58.240883,400.0
2014-02-13,70.5,70.5,70.5,70.5,58.240883,0.0
2014-02-17,70.5,71.0,70.5,71.0,58.653942,500.0
2014-02-18,71.75,72.0,71.75,72.0,59.480057,6700.0
2014-02-19,72.0,72.0,72.0,72.0,59.480057,2000.0
2014-02-20,72.0,72.0,72.0,72.0,59.480057,0.0
2014-02-21,72.0,72.0,72.0,72.0,59.480057,300.0
2014-02-24,72.0,72.0,72.0,72.0,59.480057,500.0
2014-02-25,72.0,72.0,72.0,72.0,59.480057,0.0
2014-02-26,73.5,74.5,73.5,74.5,61.545338,200.0
2014-02-27,74.5,74.5,74.0,74.0,61.132275,1400.0
2014-02-28,74.0,74.0,71.5,71.5,59.066994,7700.0
2014-03-03,73.0,73.0,73.0,73.0,60.306164,500.0
2014-03-04,72.75,73.0,72.75,73.0,60.306164,1100.0
2014-03-05,73.0,74.0,73.0,74.0,61.132275,5800.0
2014-03-06,74.5,75.0,74.25,75.0,61.958382,8700.0
2014-03-07,75.0,75.5,75.0,75.5,62.371445,12900.0
2014-03-10,76.0,76.0,75.25,75.5,62.371445,8100.0
2014-03-11,70.5,71.0,70.5,70.75,61.89032,2500.0
2014-03-12,70.75,70.75,70.75,70.75,61.89032,2200.0
2014-03-13,70.75,71.0,70.5,71.0,62.109013,6800.0
2014-03-14,70.75,70.75,70.5,70.75,61.89032,1600.0
2014-03-17,70.75,71.0,70.75,70.75,61.89032,300.0
2014-03-18,70.0,70.0,70.0,70.0,61.234234,300.0
2014-03-19,70.0,70.0,70.0,70.0,61.234234,2600.0
2014-03-20,70.0,71.0,70.0,71.0,62.109013,2700.0
2014-03-21,70.0,70.0,70.0,70.0,61.234234,500.0
2014-03-24,70.0,70.0,70.0,70.0,61.234234,0.0
2014-03-25,70.0,70.0,70.0,70.0,61.234234,500.0
2014-03-26,69.5,69.5,69.5,69.5,60.796852,800.0
2014-03-27,71.0,71.0,71.0,71.0,62.109013,200.0
2014-03-28,71.0,71.0,71.0,71.0,62.109013,1600.0
2014-03-31,70.75,71.0,70.75,71.0,62.109013,1000.0
2014-04-01,69.75,69.75,69.75,69.75,61.015549,800.0
2014-04-02,69.75,69.75,69.75,69.75,61.015549,100.0
2014-04-03,70.5,70.5,70.5,70.5,61.671627,100.0
2014-04-04,69.5,69.5,69.0,69.0,60.359463,200.0
2014-04-08,69.0,69.0,69.0,69.0,60.359463,0.0
2014-04-09,71.0,71.0,70.75,71.0,62.109013,1900.0
2014-04-10,71.0,71.0,71.0,71.0,62.109013,0.0
2014-04-11,70.0,70.0,69.5,69.5,60.796852,2200.0
2014-04-16,69.5,69.5,69.5,69.5,60.796852,0.0
2014-04-17,70.0,70.0,70.0,70.0,61.234234,100.0
2014-04-18,71.0,71.0,70.0,70.5,61.671627,2500.0
2014-04-21,70.5,70.5,70.5,70.5,61.671627,1800.0
2014-04-22,70.5,70.5,70.5,70.5,61.671627,0.0
2014-04-23,71.0,71.0,70.5,70.5,61.671627,3000.0
2014-04-24,70.5,70.5,70.5,70.5,61.671627,6800.0
2014-04-25,70.5,70.5,70.25,70.5,61.671627,2100.0
2014-04-28,70.25,70.25,70.0,70.0,61.234234,500.0
2014-04-29,70.0,71.0,70.0,70.5,61.671627,4900.0
2014-04-30,70.5,70.5,70.5,70.5,61.671627,500.0
2014-05-02,70.5,70.5,70.5,70.5,61.671627,0.0
2014-05-06,70.5,70.5,70.0,70.0,61.234234,300.0
2014-05-07,70.0,70.5,70.0,70.25,61.452927,700.0
2014-05-08,69.0,69.75,69.0,69.75,61.015549,500.0
2014-05-09,69.25,69.5,69.0,69.0,60.359463,8400.0
2014-05-12,70.0,70.0,70.0,70.0,61.234234,900.0
2014-05-14,70.0,70.0,70.0,70.0,61.234234,300.0
2014-05-15,73.0,75.0,73.0,73.25,64.077255,24600.0
2014-05-16,74.5,75.25,74.5,75.25,65.826805,6100.0
2014-05-19,75.0,76.0,74.5,76.0,66.48288,2300.0
2014-05-20,76.0,77.0,76.0,77.0,67.357658,4100.0
2014-05-21,77.0,81.25,77.0,81.25,71.075455,20700.0
2014-05-22,82.5,82.75,82.5,82.5,72.168922,2100.0
2014-05-23,80.5,82.5,80.5,82.5,72.168922,10800.0
2014-05-26,83.25,83.25,82.75,83.0,72.606308,14900.0
2014-05-27,83.5,84.0,83.0,84.0,73.481087,12400.0
2014-05-28,83.75,84.0,83.75,84.0,73.481087,2000.0
2014-05-29,,,,,,
2014-05-30,,,,,,
2014-06-02,,,,,,
2014-06-03,,,,,,
2014-06-04,,,,,,
2014-06-05,,,,,,
2014-06-06,,,,,,
2014-06-09,,,,,,
2014-06-10,,,,,,
2014-06-11,,,,,,
2014-06-12,,,,,,
2014-06-13,,,,,,
2014-06-16,,,,,,
2014-06-17,,,,,,
2014-06-18,,,,,,
2014-06-19,,,,,,
2014-06-20,,,,,,
2014-06-23,,,,,,
2014-06-24,,,,,,
2014-06-25,,,,,,
2014-06-26,,,,,,
2014-06-27,,,,,,
2014-06-30,,,,,,
2014-07-02,,,,,,
2014-07-03,,,,,,
2014-07-04,,,,,,
2014-07-07,,,,,,
2014-07-08,,,,,,
2014-07-09,,,,,,
2014-07-10,,,,,,
2014-07-14,,,,,,
2014-07-15,,,,,,
2014-07-16,,,,,,
2014-07-17,,,,,,
2014-07-18,,,,,,
2014-07-21,,,,,,
2014-07-22,,,,,,
2014-07-23,,,,,,
2014-07-24,,,,,,
2014-07-25,,,,,,
2014-07-28,,,,,,
2014-07-29,,,,,,
2014-07-30,,,,,,
2014-07-31,,,,,,
2014-08-01,,,,,,
2014-08-04,,,,,,
2014-08-05,,,,,,
2014-08-06,,,,,,
2014-08-07,,,,,,
2014-08-08,,,,,,
2014-08-13,,,,,,
2014-08-14,,,,,,
2014-08-15,119.0,119.0,105.5,110.0,96.225235,1000.0
2014-08-18,,,,,,
2014-08-19,,,,,,
2014-08-20,,,,,,
2014-08-21,,,,,,
2014-08-22,,,,,,
2014-08-25,,,,,,
2014-08-26,,,,,,
2014-08-27,,,,,,
2014-08-28,,,,,,
2014-08-29,,,,,,
2014-09-01,,,,,,
2014-09-02,,,,,,
2014-09-03,,,,,,
2014-09-04,,,,,,
2014-09-05,,,,,,
2014-09-08,,,,,,
2014-09-09,,,,,,
2014-09-10,,,,,,
2014-09-11,,,,,,
2014-09-12,,,,,,
2014-09-15,,,,,,
2014-09-16,,,,,,
2014-09-17,,,,,,
2014-09-18,,,,,,
2014-09-19,,,,,,
2014-09-22,,,,,,
2014-09-23,,,,,,
2014-09-24,,,,,,
2014-09-25,,,,,,
2014-09-26,,,,,,
2014-09-29,,,,,,
2014-09-30,,,,,,
2014-10-01,,,,,,
2014-10-02,,,,,,
2014-10-03,,,,,,
2014-10-06,,,,,,
2014-10-07,,,,,,
2014-10-08,,,,,,
2014-10-09,,,,,,
2014-10-10,,,,,,
2014-10-13,,,,,,
2014-10-14,,,,,,
2014-10-15,,,,,,
2014-10-16,,,,,,
2014-10-17,,,,,,
2014-10-20,,,,,,
2014-10-21,,,,,,
2014-10-22,,,,,,
2014-10-24,,,,,,
2014-10-27,,,,,,
2014-10-28,,,,,,
2014-10-29,,,,,,
2014-10-30,125.0,128.0,125.0,127.0,111.096405,4900.0
2014-10-31,,,,,,
2014-11-03,,,,,,
2014-11-04,,,,,,
2014-11-05,,,,,,
2014-11-06,,,,,,
2014-11-07,,,,,,
2014-11-10,,,,,,
2014-11-11,,,,,,
2014-11-12,,,,,,
2014-11-13,,,,,,
2014-11-14,,,,,,
2014-11-17,,,,,,
2014-11-18,,,,,,
2014-11-19,,,,,,
2014-11-20,,,,,,
2014-11-21,,,,,,
2014-11-24,,,,,,
2014-11-25,,,,,,
2014-11-26,,,,,,
2014-11-27,,,,,,
2014-11-28,,,,,,
2014-12-01,,,,,,
2014-12-02,,,,,,
2014-12-03,,,,,,
2014-12-04,,,,,,
2014-12-08,,,,,,
2014-12-09,,,,,,
2014-12-11,,,,,,
2014-12-12,,,,,,
2014-12-15,,,,,,
2014-12-16,,,,,,
2014-12-17,,,,,,
2014-12-18,,,,,,
2014-12-19,,,,,,
2014-12-22,,,,,,
2014-12-23,,,,,,
2014-12-24,113.0,115.0,112.0,113.0,98.849548,600.0
2014-12-25,,,,,,
2014-12-26,,,,,,
2014-12-29,,,,,,
2014-12-30,,,,,,
2015-01-05,,,,,,
2015-01-06,,,,,,
2015-01-07,,,,,,
2015-01-08,,,,,,
2015-01-09,,,,,,
2015-01-12,,,,,,
2015-01-13,,,,,,
2015-01-14,,,,,,
2015-01-15,,,,,,
2015-01-16,,,,,,
2015-01-19,,,,,,
2015-01-20,,,,,,
2015-01-21,,,,,,
2015-01-22,,,,,,
2015-01-23,,,,,,
2015-01-26,,,,,,
2015-01-27,,,,,,
2015-01-28,,,,,,
2015-01-29,,,,,,
2015-01-30,,,,,,
2015-02-02,,,,,,
2015-02-03,,,,,,
2015-02-04,,,,,,
2015-02-05,,,,,,
2015-02-06,,,,,,
2015-02-09,,,,,,
2015-02-10,,,,,,
2015-02-11,,,,,,
2015-02-12,,,,,,
2015-02-13,,,,,,
2015-02-16,,,,,,
2015-02-17,,,,,,
2015-02-18,,,,,,
2015-02-19,,,,,,
2015-02-20,,,,,,
2015-02-23,,,,,,
2015-02-24,,,,,,
2015-02-25,,,,,,
2015-02-26,,,,,,
2015-02-27,,,,,,
2015-03-02,129.0,129.0,127.0,127.0,111.096405,15400.0
2015-03-03,129.0,130.0,129.0,129.5,113.28334,700.0
2015-03-05,129.5,129.5,128.0,128.0,111.971176,600.0
2015-03-06,128.5,129.5,128.0,129.5,113.28334,2900.0
2015-03-09,129.0,129.0,128.0,129.0,112.845955,5900.0
2015-03-10,129.5,129.5,129.0,129.5,113.28334,1300.0
2015-03-11,121.0,126.5,121.0,125.0,113.738289,700.0
2015-03-12,125.0,125.0,125.0,125.0,113.738289,0.0
2015-03-13,125.0,125.0,125.0,125.0,113.738289,200.0
2015-03-16,125.0,125.0,125.0,125.0,113.738289,300.0
2015-03-17,125.0,126.0,125.0,126.0,114.648193,1200.0
2015-03-18,125.0,125.0,125.0,125.0,113.738289,200.0
2015-03-19,125.5,126.0,125.5,126.0,114.648193,2400.0
2015-03-20,126.0,127.0,126.0,127.0,115.558105,900.0
2015-03-23,127.0,127.0,127.0,127.0,115.558105,500.0
2015-03-24,127.0,127.0,127.0,127.0,115.558105,0.0
2015-03-25,128.5,130.0,128.5,130.0,118.287827,6700.0
2015-03-26,132.0,148.0,132.0,135.0,122.837364,8000.0
2015-03-27,140.0,140.0,135.0,135.0,122.837364,2600.0
2015-03-30,135.0,135.0,135.0,135.0,122.837364,200.0
2015-03-31,135.5,135.5,135.5,135.5,123.292305,200.0
2015-04-01,136.5,136.5,136.0,136.0,123.747261,3400.0
2015-04-02,136.0,136.0,136.0,136.0,123.747261,100.0
2015-04-03,136.0,136.5,136.0,136.5,124.202217,400.0
2015-04-07,136.5,136.5,136.5,136.5,124.202217,500.0
2015-04-08,137.0,139.0,137.0,138.5,126.022034,5400.0
2015-04-09,140.0,140.0,138.0,139.0,126.476974,600.0
2015-04-10,140.0,142.0,140.0,142.0,129.206711,1400.0
2015-04-16,142.0,142.0,142.0,142.0,129.206711,3200.0
2015-04-17,142.0,142.0,142.0,142.0,129.206711,700.0
2015-04-20,142.0,142.0,142.0,142.0,129.206711,1000.0
2015-04-21,142.0,142.0,142.0,142.0,129.206711,1000.0
2015-04-22,142.0,142.0,142.0,142.0,129.206711,0.0
2015-04-23,142.0,142.0,142.0,142.0,129.206711,1000.0
2015-04-24,142.0,142.0,142.0,142.0,129.206711,1200.0
2015-04-27,142.0,142.0,142.0,142.0,129.206711,300.0
2015-04-28,138.0,138.0,136.0,136.0,123.747261,600.0
2015-04-29,136.5,136.5,136.5,136.5,124.202217,700.0
2015-04-30,136.5,136.5,136.5,136.5,124.202217,0.0
2015-05-04,136.5,136.5,136.5,136.5,124.202217,0.0
2015-05-06,136.5,136.5,136.5,136.5,124.202217,0.0
2015-05-07,136.5,136.5,136.5,136.5,124.202217,0.0
2015-05-08,140.0,140.0,140.0,140.0,127.386894,100.0
2015-05-11,136.5,136.5,136.5,136.5,124.202217,300.0
2015-05-12,126.0,139.0,125.0,139.0,126.476974,300.0
2015-05-13,139.0,139.0,139.0,139.0,126.476974,0.0
2015-05-14,139.0,139.0,139.0,139.0,126.476974,400.0
2015-05-15,120.0,125.0,119.0,121.0,110.098663,19500.0
2015-05-18,121.5,121.5,120.0,121.5,110.553619,5200.0
2015-05-19,120.0,120.0,120.0,120.0,109.188759,700.0
2015-05-20,118.0,118.0,115.0,116.0,105.549141,2200.0
2015-05-21,118.0,118.0,116.5,118.0,107.368942,5100.0
2015-05-22,120.0,120.0,120.0,120.0,109.188759,400.0
2015-05-25,120.0,120.0,120.0,120.0,109.188759,0.0
2015-05-26,119.0,119.0,118.0,118.0,107.368942,2000.0
2015-05-27,117.0,117.0,114.0,114.0,103.729324,4400.0
2015-05-28,114.0,114.0,113.0,113.0,102.819412,4500.0
2015-05-29,113.0,113.0,110.0,110.0,100.089691,8900.0
2015-06-02,110.0,110.0,110.0,110.0,100.089691,0.0
2015-06-03,110.0,110.0,110.0,110.0,100.089691,700.0
2015-06-04,110.5,111.0,110.0,110.0,100.089691,8300.0
2015-06-05,110.0,110.5,109.0,110.0,100.089691,9100.0
2015-06-08,110.0,110.0,108.5,108.5,98.724838,4700.0
2015-06-09,108.0,108.0,108.0,108.0,98.26989,1200.0
2015-06-10,108.0,108.0,108.0,108.0,98.26989,100.0
2015-06-11,109.5,109.5,109.0,109.0,99.179794,400.0
2015-06-12,108.0,108.0,108.0,108.0,98.26989,400.0
2015-06-15,107.0,107.0,106.5,106.5,96.905022,9100.0
2015-06-16,107.0,107.5,106.5,106.5,96.905022,2200.0
2015-06-17,106.5,106.5,106.5,106.5,96.905022,0.0
2015-06-18,106.5,106.5,106.5,106.5,96.905022,400.0
2015-06-19,106.5,106.5,106.5,106.5,96.905022,100.0
2015-06-22,106.5,106.5,106.5,106.5,96.905022,0.0
2015-06-23,106.5,106.5,106.5,106.5,96.905022,0.0
2015-06-24,106.5,106.5,106.5,106.5,96.905022,0.0
2015-06-25,105.0,105.0,100.0,104.5,95.085213,3700.0
2015-06-26,105.0,105.0,104.0,104.0,94.630257,200.0
2015-06-29,102.5,102.5,102.5,102.5,93.265404,100.0
2015-06-30,103.0,103.0,103.0,103.0,93.720352,300.0
2015-07-02,103.0,103.0,99.5,100.0,90.990639,9900.0
2015-07-03,100.0,100.0,100.0,100.0,90.990639,100.0
2015-07-06,102.0,102.0,95.0,99.25,90.308205,7100.0
2015-07-07,99.25,99.25,95.25,95.25,86.668579,3000.0
2015-07-08,96.0,96.0,92.0,95.0,86.441101,2600.0
2015-07-09,95.0,95.0,95.0,95.0,86.441101,800.0
2015-07-10,95.0,95.0,95.0,95.0,86.441101,0.0
2015-07-13,95.0,95.25,88.25,88.25,80.299232,27000.0
2015-07-14,90.0,91.5,90.0,91.25,83.028954,12500.0
2015-07-15,91.75,92.0,91.75,92.0,83.711388,1600.0
2015-07-16,92.0,92.0,92.0,92.0,83.711388,1600.0
2015-07-17,92.0,95.5,92.0,95.25,86.668579,2300.0
2015-07-20,93.0,93.0,93.0,93.0,84.621292,200.0
2015-07-21,93.0,93.0,92.5,92.5,84.166336,1000.0
2015-07-22,92.5,92.5,92.5,92.5,84.166336,100.0
2015-07-23,92.5,92.5,92.5,92.5,84.166336,0.0
2015-07-24,99.5,99.5,99.5,99.5,90.535675,100.0
2015-07-27,94.0,94.0,94.0,94.0,85.531197,400.0
2015-07-28,93.25,95.0,90.5,95.0,86.441101,1100.0
2015-07-29,95.0,95.0,95.0,95.0,86.441101,0.0
2015-07-31,95.0,95.0,95.0,95.0,86.441101,0.0
2015-08-03,95.0,95.0,94.0,94.0,85.531197,400.0
2015-08-04,94.0,94.0,94.0,94.0,85.531197,0.0
2015-08-05,94.0,94.0,93.0,93.0,84.621292,400.0
2015-08-06,93.0,93.0,92.0,93.0,84.621292,1600.0
2015-08-07,93.0,93.0,93.0,93.0,84.621292,0.0
2015-08-10,93.0,93.0,93.0,93.0,84.621292,0.0
2015-08-11,93.0,93.0,91.0,91.0,82.801476,2500.0
2015-08-13,91.0,93.5,91.0,93.0,84.621292,3900.0
2015-08-14,94.0,94.0,94.0,94.0,85.531197,7000.0
2015-08-17,94.0,97.5,94.0,97.5,88.715874,2100.0
2015-08-18,95.0,95.0,95.0,95.0,86.441101,400.0
2015-08-19,95.0,95.0,95.0,95.0,86.441101,0.0
2015-08-20,97.0,97.0,97.0,97.0,88.26091,100.0
2015-08-21,95.0,95.0,94.5,94.5,85.986153,1000.0
2015-08-24,94.5,94.5,91.0,91.0,82.801476,4300.0
2015-08-25,93.5,93.5,91.0,93.0,84.621292,1100.0
2015-08-26,93.0,93.0,93.0,93.0,84.621292,0.0
2015-08-27,93.0,93.0,93.0,93.0,84.621292,900.0
2015-08-28,93.0,93.0,93.0,93.0,84.621292,200.0
2015-08-31,93.0,93.0,93.0,93.0,84.621292,1000.0
2015-09-01,93.0,93.0,93.0,93.0,84.621292,0.0
2015-09-02,92.0,92.25,92.0,92.25,83.938858,1000.0
2015-09-03,92.5,92.5,92.5,92.5,84.166336,500.0
2015-09-04,92.0,92.0,92.0,92.0,83.711388,500.0
2015-09-07,93.0,93.0,93.0,93.0,84.621292,300.0
2015-09-08,93.0,93.0,93.0,93.0,84.621292,0.0
2015-09-09,93.0,94.75,93.0,94.75,86.213631,5100.0
2015-09-10,95.0,95.0,95.0,95.0,86.441101,1200.0
2015-09-11,95.0,95.0,95.0,95.0,86.441101,200.0
2015-09-14,95.0,95.0,94.0,94.0,85.531197,500.0
2015-09-15,94.0,94.0,94.0,94.0,85.531197,1000.0
2015-09-16,94.0,94.0,94.0,94.0,85.531197,3600.0
2015-09-17,94.0,94.0,94.0,94.0,85.531197,2400.0
2015-09-18,94.0,94.0,94.0,94.0,85.531197,500.0
2015-09-21,94.0,94.0,94.0,94.0,85.531197,1400.0
2015-09-22,94.0,94.0,94.0,94.0,85.531197,0.0
2015-09-23,94.0,94.0,94.0,94.0,85.531197,1000.0
2015-09-24,95.75,95.75,94.0,94.0,85.531197,2200.0
2015-09-25,94.0,94.0,94.0,94.0,85.531197,0.0
2015-09-28,94.25,94.25,94.0,94.0,85.531197,300.0
2015-09-29,94.5,94.5,94.5,94.5,85.986153,400.0
2015-09-30,94.0,94.0,94.0,94.0,85.531197,400.0
2015-10-01,94.0,94.0,94.0,94.0,85.531197,0.0
2015-10-02,93.0,93.0,91.0,91.0,82.801476,3100.0
2015-10-05,94.0,94.0,94.0,94.0,85.531197,2100.0
2015-10-06,94.5,94.5,94.0,94.0,85.531197,1000.0
2015-10-07,94.0,94.5,94.0,94.0,85.531197,7600.0
2015-10-08,94.0,94.0,94.0,94.0,85.531197,4800.0
2015-10-09,94.0,94.0,94.0,94.0,85.531197,0.0
2015-10-12,94.0,96.0,94.0,96.0,87.351006,600.0
2015-10-13,95.0,95.0,94.0,94.0,85.531197,1100.0
2015-10-14,94.0,94.25,94.0,94.0,85.531197,6500.0
2015-10-15,94.0,94.0,94.0,94.0,85.531197,3300.0
2015-10-16,92.0,94.0,92.0,94.0,85.531197,7400.0
2015-10-19,94.0,95.0,94.0,95.0,86.441101,2600.0
2015-10-20,94.0,96.0,94.0,96.0,87.351006,2200.0
2015-10-21,95.0,95.0,94.0,94.0,85.531197,16400.0
2015-10-22,94.0,95.0,94.0,95.0,86.441101,27500.0
2015-10-26,95.0,95.0,93.0,94.0,85.531197,28300.0
2015-10-27,94.0,94.0,94.0,94.0,85.531197,17700.0
2015-10-28,94.0,95.0,93.0,93.0,84.621292,9000.0
2015-10-29,93.0,93.0,91.0,92.0,83.711388,15800.0
2015-10-30,92.5,92.5,91.0,92.0,83.711388,2400.0
2015-11-02,90.5,92.0,90.0,91.75,83.483902,4100.0
2015-11-03,91.0,91.75,90.0,91.75,83.483902,5400.0
2015-11-04,90.0,90.25,90.0,90.0,81.891571,1400.0
2015-11-05,90.0,91.75,90.0,91.5,83.256424,4100.0
2015-11-06,90.25,90.25,90.25,90.25,82.119049,100.0
2015-11-09,90.0,90.0,90.0,90.0,81.891571,1800.0
2015-11-10,90.0,91.25,89.0,89.0,80.981659,2500.0
2015-11-11,88.0,90.0,88.0,88.0,80.071754,3800.0
2015-11-12,88.0,88.0,86.5,87.0,79.16185,9500.0
2015-11-13,86.0,87.5,86.0,87.5,79.616806,13600.0
2015-11-16,85.0,89.0,85.0,89.0,80.981659,9800.0
2015-11-17,85.0,86.0,85.0,85.5,77.796989,1500.0
2015-11-18,85.0,86.0,85.0,86.0,78.251945,5000.0
2015-11-19,85.0,85.0,85.0,85.0,77.342041,7300.0
2015-11-20,85.0,85.75,85.0,85.25,77.569511,3200.0
2015-11-23,85.0,85.0,85.0,85.0,77.342041,1000.0
2015-11-24,85.0,85.0,82.0,82.25,74.839798,35600.0
2015-11-25,84.75,85.0,84.75,85.0,77.342041,400.0
2015-11-26,84.0,85.5,84.0,85.5,77.796989,700.0
2015-11-27,85.5,85.5,85.5,85.5,77.796989,0.0
2015-11-30,85.5,85.5,85.5,85.5,77.796989,0.0
2015-12-01,86.5,86.5,86.5,86.5,78.706902,1000.0
2015-12-02,86.5,86.5,86.5,86.5,78.706902,100.0
2015-12-03,86.25,86.5,86.0,86.0,78.251945,900.0
2015-12-04,86.5,86.5,86.5,86.5,78.706902,300.0
2015-12-08,86.5,87.0,83.0,87.0,79.16185,1200.0
2015-12-09,84.0,87.0,84.0,87.0,79.16185,400.0
2015-12-11,87.0,87.0,87.0,87.0,79.16185,0.0
2015-12-14,85.0,85.0,85.0,85.0,77.342041,200.0
2015-12-15,83.5,83.5,83.5,83.5,75.977173,400.0
2015-12-16,84.0,84.0,83.5,83.5,75.977173,1100.0
2015-12-17,85.5,85.5,83.5,85.5,77.796989,800.0
2015-12-18,85.5,85.5,85.5,85.5,77.796989,100.0
2015-12-21,84.0,84.0,83.75,84.0,76.432137,1100.0
2015-12-22,84.0,84.0,84.0,84.0,76.432137,2000.0
2015-12-23,84.0,84.0,84.0,84.0,76.432137,0.0
2015-12-24,84.0,84.0,84.0,84.0,76.432137,0.0
2015-12-25,85.5,85.5,85.5,85.5,77.796989,100.0
2015-12-28,86.0,87.5,86.0,87.5,79.616806,600.0
2015-12-29,90.0,90.0,86.75,88.0,80.071754,900.0
2015-12-30,86.0,86.0,86.0,86.0,78.251945,100.0
2016-01-04,86.0,86.0,86.0,86.0,78.251945,0.0
2016-01-05,85.0,85.0,81.0,81.25,73.929893,2900.0
2016-01-06,82.75,85.5,81.25,85.5,77.796989,700.0
2016-01-07,82.5,85.0,82.0,82.5,75.067276,2300.0
2016-01-08,82.5,82.75,82.5,82.75,75.294746,900.0
2016-01-11,83.75,85.5,81.0,81.0,73.702408,2900.0
2016-01-12,81.25,81.75,81.0,81.75,74.384842,1300.0
2016-01-13,81.75,81.75,81.75,81.75,74.384842,0.0
2016-01-14,82.0,82.0,81.75,81.75,74.384842,1100.0
2016-01-15,81.25,83.0,80.5,80.75,73.474937,6400.0
2016-01-18,82.5,82.5,82.5,82.5,75.067276,100.0
2016-01-19,82.5,82.75,81.25,81.25,73.929893,600.0
2016-01-20,81.25,81.25,81.25,81.25,73.929893,0.0
2016-01-21,81.25,81.75,81.0,81.0,73.702408,6100.0
2016-01-22,81.0,81.0,80.5,80.5,73.247459,2200.0
2016-01-25,83.0,83.0,83.0,83.0,75.522224,100.0
2016-01-26,82.0,82.0,82.0,82.0,74.61232,2000.0
2016-01-27,83.0,83.0,83.0,83.0,75.522224,100.0
2016-01-28,82.0,82.0,82.0,82.0,74.61232,500.0
2016-01-29,82.0,82.0,82.0,82.0,74.61232,0.0
2016-02-01,82.0,82.0,82.0,82.0,74.61232,0.0
2016-02-02,82.25,82.25,82.0,82.0,74.61232,1500.0
2016-02-03,82.0,82.0,82.0,82.0,74.61232,600.0
2016-02-04,82.0,83.0,82.0,83.0,75.522224,1800.0
2016-02-05,83.0,83.25,83.0,83.25,75.749702,1100.0
2016-02-08,82.25,82.25,82.25,82.25,74.839798,100.0
2016-02-09,83.5,84.0,83.5,84.0,76.432137,1000.0
2016-02-10,84.0,84.0,84.0,84.0,76.432137,1000.0
2016-02-11,84.0,84.0,84.0,84.0,76.432137,0.0
2016-02-12,84.0,84.0,84.0,84.0,76.432137,1000.0
2016-02-15,84.0,84.0,84.0,84.0,76.432137,0.0
2016-02-16,84.0,84.0,84.0,84.0,76.432137,100.0
2016-02-17,84.5,84.5,84.5,84.5,76.887085,100.0
2016-02-18,84.5,84.5,84.5,84.5,76.887085,200.0
2016-02-19,84.5,84.5,84.5,84.5,76.887085,0.0
2016-02-23,84.5,84.5,84.5,84.5,76.887085,0.0
2016-02-24,87.5,87.5,87.5,87.5,79.616806,100.0
2016-02-25,87.5,87.5,87.5,87.5,79.616806,0.0
2016-02-26,88.0,88.5,87.0,87.0,79.16185,2200.0
2016-02-29,86.5,88.0,86.5,86.5,78.706902,1200.0
2016-03-01,85.5,85.5,85.5,85.5,77.796989,400.0
2016-03-02,85.5,85.5,84.5,84.5,76.887085,2700.0
2016-03-03,87.0,87.25,86.5,86.5,78.706902,1000.0
2016-03-04,86.75,86.75,85.5,86.75,78.93438,1500.0
2016-03-07,87.5,87.5,86.5,86.5,78.706902,500.0
2016-03-08,86.5,86.5,84.0,84.0,80.137932,1600.0
2016-03-09,84.25,84.25,84.25,84.25,80.376434,100.0
2016-03-10,84.25,84.25,84.25,84.25,80.376434,0.0
2016-03-11,84.5,84.5,84.5,84.5,80.614944,300.0
2016-03-14,84.5,84.5,80.5,80.5,76.798851,4800.0
2016-03-15,80.5,80.5,80.5,80.5,76.798851,0.0
2016-03-16,81.25,82.75,81.0,82.75,78.945404,2500.0
2016-03-17,82.75,82.75,82.75,82.75,78.945404,0.0
2016-03-18,82.75,82.75,82.75,82.75,78.945404,0.0
2016-03-21,82.75,82.75,82.75,82.75,78.945404,0.0
2016-03-22,82.0,82.0,82.0,82.0,78.229889,1000.0
2016-03-23,83.0,83.0,83.0,83.0,79.183907,100.0
2016-03-24,83.0,84.0,83.0,84.0,80.137932,700.0
2016-03-25,84.0,84.0,84.0,84.0,80.137932,0.0
2016-03-28,82.0,82.0,82.0,82.0,78.229889,600.0
2016-03-29,82.0,82.0,82.0,82.0,78.229889,100.0
2016-03-30,82.0,82.0,82.0,82.0,78.229889,600.0
2016-03-31,82.0,82.0,81.5,81.5,77.752876,700.0
2016-04-01,81.5,81.5,81.5,81.5,77.752876,900.0
2016-04-04,81.75,81.75,81.5,81.5,77.752876,1400.0
2016-04-05,81.0,81.25,81.0,81.0,77.275864,1200.0
2016-04-07,81.0,83.0,81.0,82.0,78.229889,900.0
2016-04-08,82.0,82.0,82.0,82.0,78.229889,200.0
2016-04-11,82.5,83.0,82.0,82.0,78.229889,2800.0
2016-04-12,82.0,82.0,82.0,82.0,78.229889,0.0
2016-04-18,82.0,82.0,82.0,82.0,78.229889,0.0
2016-04-19,82.25,82.25,82.0,82.0,78.229889,3800.0
2016-04-20,82.0,82.0,82.0,82.0,78.229889,100.0
2016-04-21,82.0,82.0,82.0,82.0,78.229889,1000.0
2016-04-22,82.25,82.25,82.25,82.25,78.468391,1500.0
2016-04-25,82.25,82.25,82.25,82.25,78.468391,200.0
2016-04-26,82.0,82.0,82.0,82.0,78.229889,1100.0
2016-04-27,82.0,82.0,82.0,82.0,78.229889,0.0
2016-04-28,82.0,82.0,82.0,82.0,78.229889,0.0
2016-04-29,82.25,82.25,82.25,82.25,78.468391,400.0
2016-05-03,82.25,83.0,82.0,82.75,78.945404,1000.0
2016-05-04,82.75,82.75,82.75,82.75,78.945404,0.0
2016-05-09,82.75,82.75,81.0,81.0,77.275864,1500.0
2016-05-10,82.5,82.5,82.5,82.5,78.706902,100.0
2016-05-11,82.75,83.0,82.0,82.0,78.229889,600.0
2016-05-12,82.0,82.0,82.0,82.0,78.229889,0.0
2016-05-13,83.0,83.5,83.0,83.0,79.183907,6100.0
2016-05-16,84.0,84.0,83.5,83.5,79.660919,900.0
2016-05-17,83.0,83.0,83.0,83.0,79.183907,1000.0
2016-05-18,83.0,83.0,83.0,83.0,79.183907,100.0
2016-05-19,83.0,87.0,82.0,87.0,83.0,3200.0
2016-05-23,87.0,87.0,87.0,87.0,83.0,0.0
2016-05-24,87.0,87.0,87.0,87.0,83.0,0.0
2016-05-25,87.0,87.0,82.0,84.0,80.137932,1100.0
2016-05-26,83.75,83.75,83.75,83.75,79.899429,100.0
2016-05-27,83.75,83.75,83.75,83.75,79.899429,0.0
2016-05-30,82.75,82.75,82.25,82.5,78.706902,2500.0
2016-05-31,82.75,82.75,82.5,82.5,78.706902,200.0
2016-06-01,82.0,82.75,82.0,82.75,78.945404,1100.0
2016-06-02,83.5,85.75,83.5,83.5,79.660919,1100.0
2016-06-03,84.5,84.5,83.75,83.75,79.899429,2000.0
2016-06-06,84.5,85.0,84.0,84.0,80.137932,1000.0
2016-06-07,84.0,84.0,84.0,84.0,80.137932,800.0
2016-06-08,85.5,89.0,85.5,87.5,83.477013,5200.0
2016-06-09,87.5,88.5,87.5,88.5,84.431038,2700.0
2016-06-10,87.0,88.0,87.0,88.0,83.954025,400.0
2016-06-13,88.0,88.5,88.0,88.5,84.431038,5300.0
2016-06-14,88.0,89.0,88.0,88.5,84.431038,8300.0
2016-06-15,91.25,91.25,89.0,89.5,85.385056,3200.0
2016-06-16,88.5,88.5,88.5,88.5,84.431038,900.0
2016-06-17,88.0,89.0,88.0,89.0,84.908051,700.0
2016-06-20,87.75,88.75,87.75,88.75,84.66954,200.0
2016-06-21,89.5,89.5,89.5,89.5,85.385056,100.0
2016-06-22,89.0,89.0,88.0,88.5,84.431038,1000.0
2016-06-23,89.0,89.0,88.5,88.5,84.431038,300.0
2016-06-24,87.0,89.0,86.0,89.0,84.908051,1600.0
2016-06-27,89.0,89.0,89.0,89.0,84.908051,0.0
2016-06-28,87.5,87.5,87.25,87.25,83.23851,200.0
2016-06-29,87.25,87.25,87.25,87.25,83.23851,0.0
2016-06-30,87.0,89.0,86.0,89.0,84.908051,1000.0
2016-07-04,89.0,89.0,89.0,89.0,84.908051,0.0
2016-07-05,89.0,89.0,89.0,89.0,84.908051,0.0
2016-07-06,88.5,88.5,85.5,88.5,84.431038,300.0
2016-07-07,88.5,88.5,88.5,88.5,84.431038,200.0
2016-07-08,88.5,88.5,88.5,88.5,84.431038,0.0
2016-07-11,88.5,88.5,88.5,88.5,84.431038,0.0
2016-07-12,88.5,88.5,88.5,88.5,84.431038,0.0
2016-07-13,88.5,88.5,88.5,88.5,84.431038,0.0
2016-07-14,88.25,88.5,88.0,88.5,84.431038,300.0
2016-07-15,88.25,88.25,88.25,88.25,84.192528,200.0
2016-07-20,88.25,88.25,88.25,88.25,84.192528,200.0
2016-07-21,88.25,88.25,88.25,88.25,84.192528,0.0
2016-07-22,88.5,89.0,88.5,89.0,84.908051,800.0
2016-07-25,93.0,93.0,93.0,93.0,88.724136,100.0
2016-07-26,93.0,93.0,93.0,93.0,88.724136,0.0
2016-07-27,88.5,93.0,88.5,93.0,88.724136,600.0
2016-07-28,90.0,91.0,90.0,91.0,86.816093,800.0
2016-07-29,91.0,91.0,90.0,90.0,85.862068,1300.0
2016-08-01,91.0,91.5,90.0,90.25,86.100578,1900.0
2016-08-02,91.0,91.0,91.0,91.0,86.816093,200.0
2016-08-03,91.0,91.0,91.0,91.0,86.816093,0.0
2016-08-04,91.0,91.0,89.0,89.0,84.908051,4000.0
2016-08-05,91.0,91.0,91.0,91.0,86.816093,500.0
2016-08-08,91.0,91.25,91.0,91.0,86.816093,2700.0
2016-08-09,91.0,91.0,90.0,91.0,86.816093,3300.0
2016-08-10,90.0,90.0,90.0,90.0,85.862068,500.0
2016-08-11,92.0,92.0,91.0,91.0,86.816093,600.0
2016-08-15,91.0,91.0,75.0,77.5,73.936783,52700.0
2016-08-16,77.5,79.25,77.5,78.0,74.413795,4400.0
2016-08-17,78.0,78.0,74.75,75.0,71.551727,37700.0
2016-08-18,75.25,77.0,75.25,75.5,72.02874,3600.0
2016-08-19,75.25,75.5,75.25,75.5,72.02874,3500.0
2016-08-22,75.0,75.0,75.0,75.0,71.551727,15400.0
2016-08-23,75.0,75.25,75.0,75.25,71.79023,2300.0
2016-08-24,75.25,75.5,75.25,75.5,72.02874,4800.0
2016-08-25,75.25,75.5,75.25,75.5,72.02874,7400.0
2016-08-26,75.5,75.5,75.25,75.25,71.79023,600.0
2016-08-29,75.25,76.0,74.0,75.25,71.79023,4300.0
2016-08-30,75.25,75.5,74.0,75.5,72.02874,15700.0
2016-08-31,75.0,75.5,75.0,75.5,72.02874,6400.0
2016-09-01,75.5,75.75,75.5,75.5,72.02874,5600.0
2016-09-02,75.5,75.5,75.5,75.5,72.02874,1600.0
2016-09-05,75.5,75.5,74.25,75.25,71.79023,9600.0
2016-09-06,75.0,75.0,75.0,75.0,71.551727,1300.0
2016-09-07,75.25,75.25,75.25,75.25,71.79023,100.0
2016-09-08,75.0,75.0,74.0,74.0,70.597702,3500.0
2016-09-09,74.0,74.0,74.0,74.0,70.597702,300.0
2016-09-12,74.0,74.0,73.25,73.25,69.882187,1900.0
2016-09-13,74.0,74.0,73.0,73.0,69.643677,1300.0
2016-09-14,74.5,74.5,74.0,74.0,70.597702,1200.0
2016-09-15,74.0,74.5,74.0,74.0,70.597702,5100.0
2016-09-16,74.0,74.0,74.0,74.0,70.597702,3000.0
2016-09-19,74.0,74.0,74.0,74.0,70.597702,5000.0
2016-09-20,74.0,74.0,74.0,74.0,70.597702,9500.0
2016-09-21,74.0,74.0,74.0,74.0,70.597702,1000.0
2016-09-22,74.0,74.0,73.25,73.25,69.882187,2200.0
2016-09-23,74.0,74.0,73.0,73.0,69.643677,2100.0
2016-09-26,73.5,73.5,73.0,73.0,69.643677,2100.0
2016-09-27,73.25,73.5,73.0,73.0,69.643677,2300.0
2016-09-28,73.25,73.25,73.0,73.0,69.643677,5900.0
2016-09-29,73.0,73.0,73.0,73.0,69.643677,200.0
2016-09-30,73.0,73.5,73.0,73.5,70.120689,10600.0
2016-10-03,73.0,74.0,73.0,74.0,70.597702,5400.0
2016-10-04,77.5,77.5,74.25,74.5,71.074715,4500.0
2016-10-05,77.0,77.0,74.5,74.5,71.074715,800.0
2016-10-06,74.5,74.5,74.5,74.5,71.074715,100.0
2016-10-07,75.0,75.0,75.0,75.0,71.551727,100.0
2016-10-10,73.25,74.0,73.0,73.0,69.643677,800.0
2016-10-11,73.0,73.0,73.0,73.0,69.643677,800.0
2016-10-12,72.75,72.75,70.0,70.25,67.020119,8600.0
2016-10-13,73.75,73.75,71.0,71.0,67.735634,300.0
2016-10-14,75.0,75.0,71.75,71.75,68.451149,700.0
2016-10-17,74.0,74.0,74.0,74.0,70.597702,100.0
2016-10-18,74.0,74.0,74.0,74.0,70.597702,600.0
2016-10-19,74.0,75.0,74.0,75.0,71.551727,300.0
2016-10-20,75.0,75.0,75.0,75.0,71.551727,100.0
2016-10-21,75.0,75.0,75.0,75.0,71.551727,400.0
2016-10-25,75.0,75.0,75.0,75.0,71.551727,0.0
2016-10-26,74.5,74.5,73.0,73.75,70.3592,900.0
2016-10-27,73.0,74.0,73.0,73.75,70.3592,400.0
2016-10-28,73.75,75.0,73.75,75.0,71.551727,400.0
2016-10-31,75.0,75.0,75.0,75.0,71.551727,600.0
2016-11-01,75.0,75.0,74.5,74.5,71.074715,200.0
2016-11-02,75.0,75.0,75.0,75.0,71.551727,900.0
2016-11-03,75.0,75.0,75.0,75.0,71.551727,600.0
2016-11-04,74.0,74.0,74.0,74.0,70.597702,700.0
2016-11-07,75.0,75.0,75.0,75.0,71.551727,300.0
2016-11-08,75.0,75.0,75.0,75.0,71.551727,0.0
2016-11-09,75.0,75.0,75.0,75.0,71.551727,0.0
2016-11-10,75.0,75.0,75.0,75.0,71.551727,2700.0
2016-11-11,74.0,74.0,74.0,74.0,70.597702,100.0
2016-11-14,74.0,74.0,74.0,74.0,70.597702,0.0
2016-11-15,76.0,76.0,76.0,76.0,72.505745,800.0
2016-11-16,76.0,76.0,76.0,76.0,72.505745,0.0
2016-11-17,76.0,76.0,76.0,76.0,72.505745,0.0
2016-11-18,78.0,90.0,76.0,76.0,72.505745,1500.0
2016-11-21,79.25,80.0,78.0,78.0,74.413795,900.0
2016-11-22,78.0,78.0,78.0,78.0,74.413795,0.0
2016-11-23,78.75,78.75,78.75,78.75,75.129311,600.0
2016-11-24,80.75,80.75,80.25,80.25,76.560349,200.0
2016-11-25,80.25,80.25,80.25,80.25,76.560349,0.0
2016-11-28,80.25,80.25,80.25,80.25,76.560349,0.0
2016-11-29,76.0,80.0,76.0,80.0,76.321838,200.0
2016-11-30,80.0,80.0,80.0,80.0,76.321838,0.0
2016-12-01,80.0,80.0,80.0,80.0,76.321838,400.0
2016-12-02,80.0,80.0,80.0,80.0,76.321838,100.0
2016-12-06,80.0,80.0,80.0,80.0,76.321838,0.0
2016-12-07,80.0,80.0,80.0,80.0,76.321838,100.0
2016-12-08,78.25,78.25,78.25,78.25,74.652298,100.0
2016-12-09,78.0,78.0,77.75,77.75,74.175285,500.0
2016-12-13,77.75,101.0,77.75,88.0,83.954025,800.0
2016-12-14,79.0,81.0,78.5,81.0,77.275864,1600.0
2016-12-15,81.0,81.0,81.0,81.0,77.275864,0.0
2016-12-16,81.0,81.0,81.0,81.0,77.275864,0.0
2016-12-19,82.0,90.0,82.0,84.0,80.137932,5600.0
2016-12-20,82.0,82.75,82.0,82.75,78.945404,700.0
2016-12-21,82.75,82.75,82.75,82.75,78.945404,0.0
2016-12-22,82.75,82.75,82.75,82.75,78.945404,0.0
2016-12-23,85.0,85.0,85.0,85.0,81.091957,100.0
2016-12-26,85.0,85.0,85.0,85.0,81.091957,0.0
2016-12-27,85.0,85.0,85.0,85.0,81.091957,0.0
2016-12-28,85.0,85.0,85.0,85.0,81.091957,0.0
2016-12-29,85.0,85.0,85.0,85.0,81.091957,0.0
2016-12-30,81.5,83.0,81.0,83.0,79.183907,800.0
2017-01-04,83.0,83.0,83.0,83.0,79.183907,0.0
2017-01-05,83.0,83.0,82.0,82.25,78.468391,300.0
2017-01-06,80.25,80.25,80.25,80.25,76.560349,200.0
2017-01-09,80.75,80.75,80.75,80.75,77.037361,300.0
2017-01-10,80.75,80.75,80.75,80.75,77.037361,0.0
2017-01-11,80.75,80.75,80.75,80.75,77.037361,0.0
2017-01-12,80.75,80.75,80.75,80.75,77.037361,0.0
2017-01-16,86.0,86.0,82.0,82.0,78.229889,600.0
2017-01-17,85.0,85.0,85.0,85.0,81.091957,800.0
2017-01-18,87.5,88.0,87.5,87.5,83.477013,1500.0
2017-01-19,90.0,90.0,87.75,87.75,83.715515,700.0
2017-01-20,87.5,87.5,87.5,87.5,83.477013,200.0
2017-01-23,87.5,87.5,87.5,87.5,83.477013,200.0
2017-01-24,86.0,86.0,86.0,86.0,82.045975,200.0
2017-01-25,86.5,86.5,86.0,86.0,82.045975,400.0
2017-01-26,86.0,86.0,86.0,86.0,82.045975,0.0
2017-01-27,86.0,86.0,86.0,86.0,82.045975,200.0
2017-01-30,92.0,92.0,90.0,90.0,85.862068,1300.0
2017-01-31,85.0,85.0,85.0,85.0,81.091957,400.0
2017-02-01,85.0,85.0,85.0,85.0,81.091957,0.0
2017-02-02,85.5,85.5,85.5,85.5,81.56897,100.0
2017-02-03,85.5,85.5,85.5,85.5,81.56897,0.0
2017-02-06,85.5,85.5,85.5,85.5,81.56897,0.0
2017-02-07,85.5,85.5,85.5,85.5,81.56897,0.0
2017-02-08,85.5,85.5,85.5,85.5,81.56897,0.0
2017-02-09,91.0,91.0,90.0,90.0,85.862068,2100.0
2017-02-10,90.0,90.0,90.0,90.0,85.862068,0.0
2017-02-13,90.0,90.0,90.0,90.0,85.862068,0.0
2017-02-14,86.5,86.5,86.5,86.5,82.522987,1300.0
2017-02-15,86.5,86.5,86.5,86.5,82.522987,0.0
2017-02-16,90.0,90.0,89.5,89.5,85.385056,1400.0
2017-02-17,89.75,89.75,89.0,89.0,84.908051,3500.0
2017-02-20,88.0,88.5,88.0,88.5,84.431038,500.0
2017-02-21,89.0,89.25,89.0,89.25,85.146553,600.0
2017-02-22,89.25,89.25,89.25,89.25,85.146553,0.0
2017-02-23,89.25,89.25,89.25,89.25,85.146553,0.0
2017-02-24,89.25,89.25,89.25,89.25,85.146553,0.0
2017-02-27,82.25,85.75,82.0,84.0,80.137932,5600.0
2017-02-28,84.0,84.0,84.0,84.0,80.137932,100.0
2017-03-01,82.0,82.25,82.0,82.0,78.229889,2100.0
2017-03-02,84.0,90.0,84.0,85.0,81.091957,700.0
2017-03-03,85.0,86.0,85.0,86.0,82.045975,400.0
2017-03-06,86.0,86.0,86.0,86.0,82.045975,3000.0
2017-03-07,86.5,88.0,86.5,87.0,83.0,3400.0
2017-03-08,81.25,83.75,81.25,83.75,83.75,900.0
2017-03-09,83.75,83.75,82.0,82.0,82.0,200.0
2017-03-10,84.0,85.0,84.0,85.0,85.0,200.0
2017-03-13,83.0,83.0,83.0,83.0,83.0,200.0
2017-03-14,83.0,83.0,83.0,83.0,83.0,0.0
2017-03-15,83.0,83.0,83.0,83.0,83.0,400.0
2017-03-16,84.0,84.0,84.0,84.0,84.0,1300.0
2017-03-17,84.0,84.0,84.0,84.0,84.0,0.0
2017-03-20,84.0,84.0,84.0,84.0,84.0,0.0
2017-03-21,82.5,83.0,81.75,81.75,81.75,400.0
2017-03-22,81.75,81.75,81.75,81.75,81.75,0.0
2017-03-23,81.75,81.75,81.75,81.75,81.75,0.0
2017-03-24,81.75,81.75,81.75,81.75,81.75,0.0
2017-03-27,80.0,80.0,80.0,80.0,80.0,500.0
2017-03-28,80.0,80.0,80.0,80.0,80.0,0.0
2017-03-29,81.0,83.25,81.0,83.25,83.25,1200.0
2017-03-30,81.5,81.5,81.5,81.5,81.5,100.0
2017-03-31,82.75,82.75,82.75,82.75,82.75,100.0
2017-04-03,82.75,82.75,82.75,82.75,82.75,100.0
2017-04-04,82.0,84.0,82.0,84.0,84.0,400.0
2017-04-05,84.0,84.0,84.0,84.0,84.0,0.0
2017-04-07,84.0,84.0,84.0,84.0,84.0,200.0
2017-04-10,84.0,84.0,84.0,84.0,84.0,0.0
2017-04-11,84.0,84.0,84.0,84.0,84.0,0.0
2017-04-12,85.75,87.0,85.75,86.0,86.0,2100.0
2017-04-17,86.0,86.0,83.0,85.0,85.0,1100.0
2017-04-18,85.0,85.0,85.0,85.0,85.0,0.0
2017-04-19,85.0,85.0,85.0,85.0,85.0,0.0
2017-04-20,83.25,83.25,83.25,83.25,83.25,300.0
2017-04-21,85.0,85.0,85.0,85.0,85.0,600.0
2017-04-24,85.0,85.0,85.0,85.0,85.0,0.0
2017-04-25,85.0,85.0,85.0,85.0,85.0,0.0
2017-04-26,85.0,85.0,85.0,85.0,85.0,0.0
2017-04-27,83.25,84.5,83.25,84.5,84.5,400.0
2017-04-28,84.75,84.75,84.75,84.75,84.75,1100.0
2017-05-02,84.75,84.75,84.75,84.75,84.75,0.0
2017-05-03,84.0,84.0,82.5,82.5,82.5,1600.0
2017-05-04,82.5,82.5,82.5,82.5,82.5,0.0
2017-05-08,82.5,84.0,82.5,84.0,84.0,1300.0
2017-05-09,84.0,84.0,84.0,84.0,84.0,0.0
2017-05-11,84.0,84.0,84.0,84.0,84.0,0.0
2017-05-12,84.0,84.0,84.0,84.0,84.0,500.0
2017-05-15,80.0,80.0,80.0,80.0,80.0,100.0
2017-05-16,80.0,80.0,80.0,80.0,80.0,0.0
2017-05-17,82.0,82.0,82.0,82.0,82.0,100.0
2017-05-18,82.0,82.0,82.0,82.0,82.0,100.0
2017-05-19,82.0,82.0,82.0,82.0,82.0,1200.0
2017-05-22,82.0,82.0,82.0,82.0,82.0,0.0
2017-05-23,82.0,82.0,82.0,82.0,82.0,0.0
2017-05-24,82.0,82.0,82.0,82.0,82.0,0.0
2017-05-25,81.5,81.5,81.5,81.5,81.5,800.0
2017-05-26,82.0,82.0,82.0,82.0,82.0,100.0
2017-05-29,83.0,83.0,83.0,83.0,83.0,100.0
2017-05-30,83.0,83.0,83.0,83.0,83.0,100.0
2017-05-31,83.0,83.0,83.0,83.0,83.0,0.0
2017-06-01,83.0,83.0,83.0,83.0,83.0,0.0
2017-06-02,83.0,83.0,83.0,83.0,83.0,0.0
2017-06-05,83.0,83.0,83.0,83.0,83.0,0.0
2017-06-06,83.0,83.0,83.0,83.0,83.0,0.0
2017-06-07,82.0,82.0,82.0,82.0,82.0,500.0
2017-06-08,82.0,82.0,80.0,80.0,80.0,3200.0
2017-06-09,80.0,80.0,80.0,80.0,80.0,700.0
2017-06-12,80.0,80.0,80.0,80.0,80.0,0.0
2017-06-13,79.5,80.0,79.0,80.0,80.0,2200.0
2017-06-14,80.0,80.0,80.0,80.0,80.0,0.0
2017-06-15,81.5,81.5,81.0,81.0,81.0,200.0
2017-06-16,81.0,84.0,81.0,81.0,81.0,2900.0
2017-06-19,81.5,81.5,81.5,81.5,81.5,200.0
2017-06-20,81.5,81.5,81.5,81.5,81.5,400.0
2017-06-21,81.5,81.5,81.5,81.5,81.5,300.0
2017-06-22,81.5,81.5,81.5,81.5,81.5,0.0
2017-06-23,81.5,81.5,81.5,81.5,81.5,0.0
2017-06-26,82.0,82.0,82.0,82.0,82.0,100.0
2017-06-27,82.0,82.0,82.0,82.0,82.0,0.0
2017-06-28,82.0,82.0,82.0,82.0,82.0,200.0
2017-06-29,82.0,82.0,82.0,82.0,82.0,0.0
2017-06-30,82.0,82.0,82.0,82.0,82.0,0.0
2017-07-03,82.0,82.0,82.0,82.0,82.0,0.0
2017-07-04,82.0,83.0,82.0,83.0,83.0,2000.0
2017-07-05,82.0,82.0,82.0,82.0,82.0,100.0
2017-07-06,82.0,82.0,82.0,82.0,82.0,0.0
2017-07-07,82.0,82.0,82.0,82.0,82.0,0.0
2017-07-11,82.0,82.0,81.5,81.5,81.5,500.0
2017-07-12,81.5,81.5,81.5,81.5,81.5,1700.0
2017-07-13,81.25,82.0,81.25,82.0,82.0,600.0
2017-07-14,82.0,82.0,81.5,81.5,81.5,2000.0
2017-07-17,81.5,81.5,81.5,81.5,81.5,300.0
2017-07-18,81.5,81.5,81.5,81.5,81.5,5000.0
2017-07-19,81.25,81.25,81.0,81.0,81.0,1000.0
2017-07-20,81.0,82.0,81.0,82.0,82.0,1100.0
2017-07-21,82.0,82.0,82.0,82.0,82.0,0.0
2017-07-24,82.0,82.5,82.0,82.5,82.5,700.0
2017-07-25,82.5,82.5,82.5,82.5,82.5,0.0
2017-07-26,82.0,82.0,82.0,82.0,82.0,500.0
2017-07-27,82.0,82.0,82.0,82.0,82.0,0.0
2017-07-31,82.0,82.0,82.0,82.0,82.0,800.0
2017-08-01,82.0,82.0,82.0,82.0,82.0,100.0
2017-08-02,82.0,82.0,82.0,82.0,82.0,0.0
2017-08-03,82.0,82.0,82.0,82.0,82.0,800.0
2017-08-04,83.0,83.0,83.0,83.0,83.0,100.0
2017-08-07,83.0,83.0,83.0,83.0,83.0,0.0
2017-08-08,83.75,83.75,83.75,83.75,83.75,100.0
2017-08-09,83.75,83.75,83.75,83.75,83.75,0.0
2017-08-10,83.75,83.75,83.75,83.75,83.75,0.0
2017-08-11,83.75,83.75,83.75,83.75,83.75,0.0
2017-08-15,83.75,84.0,82.0,83.75,83.75,2400.0
2017-08-16,83.75,83.75,83.75,83.75,83.75,1100.0
2017-08-17,83.75,83.75,83.75,83.75,83.75,0.0
2017-08-18,88.5,88.5,84.0,84.0,84.0,300.0
2017-08-21,84.0,84.0,84.0,84.0,84.0,100.0
2017-08-22,84.0,84.0,84.0,84.0,84.0,0.0
2017-08-23,86.0,86.0,84.0,84.0,84.0,1400.0
2017-08-24,84.0,84.0,84.0,84.0,84.0,0.0
2017-08-25,84.0,84.0,84.0,84.0,84.0,500.0
2017-08-28,84.0,84.0,84.0,84.0,84.0,2000.0
2017-08-29,84.0,84.0,84.0,84.0,84.0,4000.0
2017-08-30,84.0,84.0,84.0,84.0,84.0,0.0
2017-08-31,84.0,84.0,84.0,84.0,84.0,200.0
2017-09-01,84.0,84.0,84.0,84.0,84.0,100.0
2017-09-04,84.0,88.0,84.0,84.25,84.25,1700.0
2017-09-05,84.5,84.5,84.5,84.5,84.5,100.0
2017-09-06,83.75,83.75,83.75,83.75,83.75,3000.0
2017-09-07,83.75,83.75,83.75,83.75,83.75,0.0
2017-09-08,84.25,84.25,84.25,84.25,84.25,100.0
2017-09-11,84.25,84.25,84.25,84.25,84.25,100.0
2017-09-12,84.25,84.25,84.25,84.25,84.25,0.0
2017-09-13,85.5,85.5,85.5,85.5,85.5,100.0
2017-09-14,85.5,85.5,85.5,85.5,85.5,0.0
2017-09-15,85.5,85.5,85.5,85.5,85.5,0.0
